entloss,EpThisIter,optimgain,surrgain,ev_tdlam_before,EpLenMean,entropy,TimeElapsed,EpisodesSoFar,TimestepsSoFar,EpRewMean,meankl
0.0,53,0.064037606,0.064037606,0.0017691254615783691,17.925,0.62174433,0.6623709201812744,53,1017,17.925,0.07900078
0.0,25,0.018172694,0.018172694,-0.00315093994140625,30.95,0.6352433,1.1972520351409912,78,2005,30.95,0.09983964
0.0,37,0.06892517,0.06892517,-0.017382264137268066,28.925,0.57155263,1.7591774463653564,115,3067,28.925,0.09746976
0.0,23,0.08583142,0.08583142,0.009803175926208496,38.3,0.5276571,2.33096981048584,138,4087,38.3,0.113608345
0.0,6,0.018789446,0.018789446,0.008928298950195312,58.95,0.5455406,2.8904073238372803,144,5095,58.95,0.033937477
0.0,6,0.025190119,0.025190119,-0.03531920909881592,80.15,0.53950834,3.464683771133423,150,6102,80.15,0.12574121
0.0,9,0.030280607,0.030280607,0.2683719992637634,95.775,0.5973921,4.045227527618408,159,7084,95.775,0.03467174
0.0,6,0.021256845,0.021256845,0.004574120044708252,115.625,0.55217755,4.584721803665161,165,8135,115.625,0.10814969
0.0,13,0.06569067,0.06569067,0.022542953491210938,126.525,0.48348463,5.152167081832886,178,9148,126.525,0.10262628
0.0,11,0.024299573,0.024299573,-0.009044528007507324,105.625,0.4653303,5.736823320388794,189,10197,105.625,0.08406614
0.0,10,0.030134443,0.030134443,0.021211862564086914,102.625,0.5799891,6.230058908462524,199,11189,102.625,0.036430366
0.0,9,0.050302133,0.050302133,0.02956467866897583,95.675,0.54935104,6.7795281410217285,208,12219,95.675,0.08342154
0.0,12,0.029741881,0.029741881,0.00898677110671997,95.5,0.52301395,7.323097467422485,220,13234,95.5,0.08501878
0.0,11,0.03842304,0.03842304,0.004787564277648926,97.6,0.49282587,7.833327293395996,231,14323,97.6,0.038239345
0.0,8,0.044093426,0.044093426,0.0218966007232666,103.325,0.48390502,8.389108180999756,239,15322,103.325,0.08829166
0.0,6,0.023581095,0.023581095,0.02001398801803589,110.65,0.51302195,8.946909666061401,245,16335,110.65,0.066375986
0.0,9,0.013671695,0.013671695,0.0239526629447937,119.025,0.47527647,9.503114938735962,254,17376,119.025,0.105110385
0.0,8,0.048832156,0.048832156,0.004645943641662598,123.075,0.45410854,10.022730588912964,262,18254,123.075,0.057749107
0.0,7,0.0444282,0.0444282,0.007740497589111328,129.45,0.4597608,10.590577363967896,269,19331,129.45,0.07287191
0.0,6,0.021046255,0.021046255,0.024277925491333008,136.575,0.4778825,11.19231128692627,275,20326,136.575,0.07581483
0.0,6,0.050539516,0.050539516,0.07178020477294922,142.25,0.48210633,11.714415073394775,281,21325,142.25,0.105199575
0.0,9,0.045010794,0.045010794,0.0231817364692688,137.225,0.5105451,12.248857259750366,290,22447,137.225,0.1108198
0.0,10,0.02515288,0.02515288,0.11766844987869263,133.6,0.5487189,12.844706058502197,300,23436,133.6,0.026618896
0.0,14,0.06374076,0.06374076,0.04418444633483887,108.05,0.48331267,13.433391571044922,314,24506,108.05,0.08662924
0.0,6,0.022900745,0.022900745,0.019823551177978516,110.55,0.48592207,14.055492401123047,320,25600,110.55,0.12461263
0.0,25,0.059487626,0.059487626,-0.004191875457763672,67.525,0.4350685,14.612695693969727,345,26524,67.525,0.0857034
0.0,6,0.014991926,0.014991926,0.004589438438415527,81.775,0.4911068,15.189892292022705,351,27573,81.775,0.04270923
0.0,15,0.053582363,0.053582363,-0.002254486083984375,66.85,0.40853995,15.73644495010376,366,28604,66.85,0.05545292
0.0,6,0.044710048,0.044710048,0.00040858983993530273,87.2,0.46880594,16.280158519744873,372,29685,87.2,0.034572408
0.0,5,0.039949987,0.039949987,0.000979006290435791,109.075,0.4969179,16.861016511917114,377,30685,109.075,0.091194704
0.0,5,0.03976667,0.03976667,9.554624557495117e-05,130.525,0.50699073,17.411524772644043,382,31685,130.525,0.028563686
0.0,5,0.017419592,0.017419592,0.0034884214401245117,145.75,0.44350693,17.997761487960815,387,32656,145.75,0.05088587
0.0,5,0.039978944,0.039978944,-0.0006374120712280273,148.1,0.45825493,18.570139408111572,392,33656,148.1,0.062762454
0.0,5,0.03971784,0.03971784,-0.00045013427734375,164.75,0.46802875,19.081360578536987,397,34656,164.75,0.03247557
0.0,5,0.030874051,0.030874051,-0.0005290508270263672,184.575,0.46250248,19.59658694267273,402,35656,184.575,0.04463428
0.0,6,0.030856874,0.030856874,-0.00041043758392333984,193.35,0.4113027,20.17328929901123,408,36738,193.35,0.04009019
0.0,5,0.01420014,0.01420014,-0.0003241300582885742,196.325,0.4483523,20.708903312683105,413,37738,196.325,0.06887469
0.0,6,0.025993764,0.025993764,-9.226799011230469e-05,191.525,0.3695375,21.233591556549072,419,38746,191.525,0.108315594
0.0,5,0.039801143,0.039801143,0.0002993345260620117,192.25,0.5308748,21.87668490409851,424,39746,192.25,0.099556744
0.0,6,0.03902647,0.03902647,-0.0003864765167236328,191.925,0.53987575,22.462141275405884,430,40933,191.925,0.09009844
0.0,13,0.057574984,0.057574984,0.0003135800361633301,152.775,0.4759674,23.051721572875977,443,41967,152.775,0.077492975
0.0,6,0.06260997,0.06260997,-0.00150299072265625,149.075,0.47054374,23.652624130249023,449,42901,149.075,0.13122296
0.0,6,0.01915075,0.01915075,-0.00040221214294433594,147.05,0.51878196,24.25116276741028,455,43901,147.05,0.033251084
0.0,5,0.018163688,0.018163688,0.03562581539154053,148.875,0.5030824,24.83359694480896,460,44901,148.875,0.111465774
0.0,11,0.05248131,0.05248131,-0.0011299848556518555,126.175,0.50747484,25.367579460144043,471,46054,126.175,0.10113129
0.0,5,0.04210054,0.04210054,0.08034592866897583,137.85,0.5064609,25.936411380767822,476,46907,137.85,0.08153644
0.0,16,0.015729502,0.015729502,0.029808521270751953,116.275,0.4913801,26.52456283569336,492,48102,116.275,0.047798738
0.0,12,0.012103191,0.012103191,0.015101194381713867,91.425,0.50723374,27.063889026641846,504,49073,91.425,0.080537155
0.0,14,0.02949309,0.02949309,-0.0021212100982666016,75.1,0.4846332,27.63528299331665,518,50133,75.1,0.04913029
0.0,13,0.04213147,0.04213147,-0.1312934160232544,78.55,0.4853791,28.26387929916382,531,51188,78.55,0.081500635
0.0,10,0.021111816,0.021111816,-0.15279364585876465,86.975,0.48676693,28.867016792297363,541,52206,86.975,0.11786635
0.0,13,0.034690496,0.034690496,0.005517423152923584,83.9,0.54765594,29.40945029258728,554,53226,83.9,0.13710627
0.0,21,0.04463977,0.04463977,0.038441240787506104,67.9,0.56356484,29.966552019119263,575,54236,67.9,0.04622913
0.0,11,0.0601039,0.0601039,0.07196325063705444,63.725,0.47439018,30.553539514541626,586,55217,63.725,0.10189688
0.0,6,0.04287505,0.04287505,0.02664017677307129,78.35,0.50732964,31.11136293411255,592,56263,78.35,0.05234912
0.0,5,0.015145079,0.015145079,0.010959088802337646,97.15,0.51766926,31.64474654197693,597,57263,97.15,0.025342299
0.0,9,0.025763229,0.025763229,0.19979161024093628,114.125,0.45656216,32.20454287528992,606,58307,114.125,0.13792005
0.0,8,0.042325154,0.042325154,0.17527633905410767,131.225,0.5059733,32.74167227745056,614,59348,131.225,0.053754166
0.0,8,0.029048372,0.029048372,0.25242823362350464,138.0,0.46000892,33.35076427459717,622,60351,138.0,0.03441889
0.0,7,0.046744503,0.046744503,0.0299837589263916,137.5,0.46091563,33.94658041000366,629,61317,137.5,0.049671307
0.0,5,0.031803146,0.031803146,0.11600327491760254,141.35,0.4188655,34.535268783569336,634,62317,141.35,0.08960268
0.0,7,0.041474983,0.041474983,0.06713986396789551,143.4,0.49682325,35.108548164367676,641,63419,143.4,0.052010156
0.0,6,0.0316664,0.0316664,0.20783907175064087,149.65,0.51630914,35.687398195266724,647,64377,149.65,0.040953793
0.0,6,0.011266805,0.011266805,0.050203800201416016,158.25,0.5187925,36.257131576538086,653,65491,158.25,0.056576286
0.0,14,0.017847607,0.017847607,-0.0139845609664917,140.325,0.5465816,36.82247471809387,667,66530,140.325,0.020612407
0.0,20,0.05107408,0.05107408,-0.01809704303741455,78.15,0.53976625,37.33671474456787,687,67503,78.15,0.06331095
0.0,17,0.01846293,0.01846293,0.04760187864303589,58.2,0.49464846,37.89555525779724,704,68570,58.2,0.12749383
0.0,20,0.02127121,0.02127121,-0.06512939929962158,55.85,0.49634138,38.473788261413574,724,69622,55.85,0.06328009
0.0,20,0.04135604,0.04135604,-0.22072958946228027,51.925,0.47636378,39.004241943359375,744,70647,51.925,0.060124174
0.0,14,0.030592844,0.030592844,0.013160526752471924,58.5,0.46138424,39.55809569358826,758,71652,58.5,0.047736153
0.0,8,0.037095465,0.037095465,-0.17548716068267822,72.275,0.49783808,40.06140351295471,766,72619,72.275,0.031471208
0.0,8,0.047080226,0.047080226,-0.03504312038421631,86.65,0.50406027,40.56677031517029,774,73604,86.65,0.07153539
0.0,10,0.06711046,0.06711046,0.04077327251434326,101.5,0.46698597,41.06815505027771,784,74707,101.5,0.08645977
0.0,7,0.050590757,0.050590757,-0.015439271926879883,114.8,0.46255434,41.58395576477051,791,75703,114.8,0.09426136
0.0,7,0.02005902,0.02005902,0.04499542713165283,125.45,0.4788252,42.10337042808533,798,76670,125.45,0.047762636
0.0,9,0.024662815,0.024662815,0.1418694257736206,123.2,0.48533344,42.67979097366333,807,77705,123.2,0.10230268
0.0,44,0.02828883,0.02828883,0.12355297803878784,23.45,0.5715873,43.22375249862671,851,78838,23.45,0.03521184
0.0,27,0.035904326,0.035904326,0.12809616327285767,30.725,0.5275943,43.741976737976074,878,79785,30.725,0.029869601
0.0,8,0.07389322,0.07389322,0.04017144441604614,48.95,0.48218122,44.31338548660278,886,80741,48.95,0.14943217
0.0,12,0.050715733,0.050715733,0.1824946403503418,72.15,0.4068639,44.8479220867157,898,81896,72.15,0.09958182
0.0,9,0.04565284,0.04565284,0.16283857822418213,89.425,0.4465128,45.353638887405396,907,82869,89.425,0.057243936
0.0,8,0.02113185,0.02113185,0.23681193590164185,105.825,0.49563652,45.90963935852051,915,83953,105.825,0.050172187
0.0,17,0.047093794,0.047093794,0.15145188570022583,88.1,0.4462408,46.48500084877014,932,84941,88.1,0.034538966
0.0,7,0.02700316,0.02700316,0.2993711829185486,98.775,0.46117437,47.02728271484375,939,85940,98.775,0.04658231
0.0,8,0.057441488,0.057441488,0.20374369621276855,104.075,0.413409,47.55809450149536,947,87032,104.075,0.116769105
0.0,5,0.027594507,0.027594507,0.3129119873046875,110.525,0.50000477,48.10785150527954,952,87978,110.525,0.08841011
0.0,10,0.06193989,0.06193989,0.18622303009033203,117.675,0.48639083,48.61988568305969,962,89028,117.675,0.08014047
0.0,5,0.032786164,0.032786164,0.3587403893470764,133.325,0.4880926,49.18528199195862,967,89918,133.325,0.038234234
0.0,10,0.06159284,0.06159284,0.29238033294677734,133.975,0.3641265,49.69914484024048,977,91050,133.975,0.096030265
0.0,5,0.04264298,0.04264298,0.39728283882141113,142.175,0.5332073,50.27985429763794,982,92050,142.175,0.13650608
0.0,7,0.04434324,0.04434324,0.2174038290977478,140.675,0.44183803,50.86679792404175,989,93033,140.675,0.07609032
0.0,9,0.038316555,0.038316555,0.06094348430633545,136.25,0.47469282,51.48024868965149,998,94022,136.25,0.026149781
0.0,8,0.030402085,0.030402085,0.16745924949645996,135.55,0.39835286,52.05627679824829,1006,95171,135.55,0.05303762
0.0,6,0.041611806,0.041611806,0.15547847747802734,140.775,0.39890066,52.57827043533325,1012,96222,140.775,0.10566127
0.0,6,0.012757464,0.012757464,0.26546043157577515,150.225,0.43719673,53.172816038131714,1018,97259,150.225,0.02859974
0.0,5,0.03872054,0.03872054,0.34587955474853516,151.575,0.4799055,53.75312399864197,1023,98259,151.575,0.074736334
0.0,5,0.019452795,0.019452795,0.3111202120780945,158.45,0.4594687,54.30444407463074,1028,99259,158.45,0.03939476
0.0,5,0.036046688,0.036046688,0.4055171012878418,169.55,0.43735486,54.88561272621155,1033,100259,169.55,0.09994939
