surrgain,EpisodesSoFar,entloss,EpThisIter,optimgain,TimestepsSoFar,TimeElapsed,ev_tdlam_before,meankl,entropy,EpLenMean,EpRewMean
0.0059827343,43,0.0006921178,43,0.006674852,989,0.6272938251495361,0.0011571049690246582,0.0009472817,0.69211775,23.35,23.35
0.009196073,85,0.00068900816,42,0.009885081,2028,1.1382930278778076,-0.001920938491821289,0.0010291925,0.6890081,24.275,24.275
0.008054488,124,0.0006843167,39,0.008738805,3047,1.670799732208252,0.008977234363555908,0.0010238364,0.68431664,25.725,25.725
0.008028982,161,0.0006778273,37,0.00870681,4080,2.206437349319458,0.0033704042434692383,0.001037421,0.67782724,28.425,28.425
0.007003272,190,0.0006730217,29,0.0076762936,5094,2.745185375213623,0.0036072731018066406,0.00088747684,0.6730217,31.075,31.075
0.0072239414,217,0.00066224363,27,0.007886185,6129,3.283155679702759,0.017413437366485596,0.0009644076,0.6622436,36.875,36.875
0.0073880847,242,0.00065511634,25,0.008043201,7133,3.83305287361145,0.006905853748321533,0.00091711903,0.6551163,42.325,42.325
0.008049142,261,0.00064982666,19,0.008698968,8159,4.345340728759766,0.001743316650390625,0.00093621464,0.64982665,46.625,46.625
0.007536255,275,0.0006446063,14,0.008180861,9094,4.9140448570251465,0.015306174755096436,0.00088724244,0.6446063,56.15,56.15
0.0091145765,289,0.0006407575,14,0.009755334,10162,5.507194757461548,0.017811119556427002,0.0009767886,0.64075744,66.35,66.35
0.008412819,304,0.00062296964,15,0.009035789,11208,6.041041851043701,0.011244893074035645,0.0008506509,0.6229696,71.85,71.85
0.007998687,317,0.00061055174,13,0.008609239,12187,6.557318925857544,0.009235501289367676,0.0008439049,0.6105517,69.475,69.475
0.008416633,328,0.0006119936,11,0.009028627,13285,7.140704870223999,-6.496906280517578e-05,0.00095060805,0.61199355,79.3,79.3
0.007256167,336,0.00061267556,8,0.007868842,14314,7.660183668136597,0.08231651782989502,0.0007861203,0.61267555,87.3,87.3
0.0033735023,341,0.000631901,5,0.0040054033,15219,8.187886953353882,0.029021084308624268,0.0005593109,0.631901,104.675,104.675
0.0050567337,349,0.0006134135,8,0.005670147,16284,8.787517786026001,0.0554080605506897,0.00048449746,0.6134135,113.2,113.2
0.0041561048,355,0.000604666,6,0.0047607706,17364,9.350484132766724,0.03873336315155029,0.0004533141,0.604666,131.7,131.7
0.0074363863,362,0.0005961724,7,0.0080325585,18258,9.871052265167236,0.015668272972106934,0.0007985561,0.5961724,138.875,138.875
0.0050517633,368,0.0006098108,6,0.005661574,19382,10.428130865097046,0.1404932737350464,0.0008815067,0.60981077,152.425,152.425
0.0041162097,374,0.0005950383,6,0.004711248,20335,10.996362924575806,0.03529155254364014,0.00071521965,0.59503824,154.425,154.425
0.002395558,379,0.00061687257,5,0.0030124304,21335,11.506450653076172,-0.00182342529296875,0.00089033024,0.61687255,161.85,161.85
0.0039553605,385,0.00060705043,6,0.004562411,22480,12.073107719421387,0.09109735488891602,0.00037968002,0.6070504,168.7,168.7
0.0039772103,390,0.00060128234,5,0.0045784926,23468,12.622965574264526,0.018226802349090576,0.000625589,0.6012823,174.6,174.6
0.0046381187,396,0.00061198295,6,0.0052501014,24523,13.134974718093872,0.00023549795150756836,0.0007504384,0.61198294,176.675,176.675
0.0065943277,402,0.0005888044,6,0.007183132,25533,13.707770586013794,0.08492320775985718,0.00061911275,0.5888044,181.875,181.875
0.005285289,408,0.00059507665,6,0.0058803656,26553,14.274471521377563,0.0033158063888549805,0.00071620627,0.5950766,179.275,179.275
0.0045246696,414,0.000590424,6,0.0051150937,27647,14.828056335449219,0.06603074073791504,0.00067202176,0.59042394,182.8,182.8
0.0032104687,419,0.00060182833,5,0.003812297,28637,15.363500356674194,0.10044127702713013,0.00083766703,0.6018283,182.55,182.55
0.0053309114,424,0.00058852095,5,0.0059194323,29637,15.899635076522827,0.0009124279022216797,0.0008507032,0.58852094,183.6,183.6
0.0034397875,429,0.00060817937,5,0.004047967,30637,16.472238302230835,-0.001312255859375,0.00075352483,0.60817933,184.225,184.225
0.002933629,434,0.00059782044,5,0.0035314495,31637,17.019129037857056,0.09552264213562012,0.00064248306,0.5978204,187.6,187.6
0.0045512575,440,0.00059968076,6,0.0051509384,32678,17.611645698547363,0.017294645309448242,0.00051802245,0.5996807,187.375,187.375
0.0036259992,445,0.0006016201,5,0.004227619,33622,18.136383533477783,0.07476621866226196,0.000689663,0.6016201,189.15,189.15
0.0062221074,451,0.00059007434,6,0.006812182,34803,18.752968072891235,-0.0010362863540649414,0.0006132256,0.5900743,192.75,192.75
0.0041896286,456,0.0006020177,5,0.0047916463,35735,19.291725635528564,-0.0006591081619262695,0.00057988346,0.60201764,192.2,192.2
0.005311565,461,0.0005872707,5,0.0058988356,36689,19.832804918289185,-0.00016701221466064453,0.00077857275,0.5872707,191.3,191.3
0.003601471,467,0.0006031879,6,0.004204659,37755,20.473052978515625,-4.8995018005371094e-05,0.0006161671,0.60318786,187.95,187.95
0.002919606,472,0.00059383595,5,0.003513442,38755,21.052061319351196,-0.0006674528121948242,0.0006229533,0.59383595,187.95,187.95
0.0034658522,478,0.00060099526,6,0.0040668473,39919,21.624964475631714,-0.0011109113693237305,0.0006958729,0.60099524,188.375,188.375
0.0038570687,483,0.00062110915,5,0.004478178,40919,22.176690101623535,-0.0007520914077758789,0.0007535268,0.6211091,192.3,192.3
0.006505033,488,0.0005811627,5,0.0070861955,41837,22.718851566314697,-0.0008001327514648438,0.0006336882,0.5811627,190.375,190.375
0.0054009855,493,0.00059581414,5,0.0059967996,42825,23.282215118408203,-0.0006489753723144531,0.0008998327,0.5958141,190.6,190.6
0.0026226863,499,0.0006042505,6,0.0032269368,43991,23.904906511306763,-0.0006462335586547852,0.00056031556,0.6042505,191.4,191.4
0.0039642733,504,0.0006042364,5,0.0045685098,44991,24.410999298095703,-0.0005922317504882812,0.0008073084,0.60423636,192.55,192.55
0.0032099732,509,0.00060515833,5,0.0038151315,45931,24.94459891319275,-0.0006506443023681641,0.00073389045,0.6051583,194.4,194.4
0.0072463234,515,0.0005922869,6,0.007838611,46985,25.49384117126465,-0.0006830692291259766,0.0008190643,0.5922868,191.175,191.175
0.0045419144,520,0.0006085848,5,0.0051504993,47985,26.030590534210205,-0.0005966424942016602,0.00081993797,0.60858476,191.65,191.65
0.005309366,526,0.00058986427,6,0.0058992305,49078,26.589860677719116,-0.0005396604537963867,0.0005825401,0.58986425,190.3,190.3
0.005407075,532,0.0005812523,6,0.0059883273,50070,27.15950298309326,-0.0006030797958374023,0.0006523003,0.5812522,186.125,186.125
0.0053378846,538,0.00059298985,6,0.0059308745,51133,27.739271879196167,-0.0005494356155395508,0.000834467,0.5929898,183.55,183.55
0.006254186,543,0.0006039472,5,0.0068581332,52133,28.308323860168457,-0.000502467155456543,0.0009424403,0.60394716,183.55,183.55
0.0062496075,550,0.0005988075,7,0.006848415,53225,28.864975929260254,-0.0005056858062744141,0.0008057972,0.5988075,177.35,177.35
0.005710355,555,0.0005878852,5,0.0062982403,54128,29.425416707992554,-0.0005027055740356445,0.00077855575,0.5878852,178.575,178.575
0.0066617336,563,0.0005598587,8,0.007221592,55242,29.961628198623657,-0.0003299713134765625,0.00082602445,0.5598587,166.95,166.95
0.005384898,568,0.00059790496,5,0.0059828027,56176,30.51265788078308,-0.0004361867904663086,0.000548749,0.5979049,169.325,169.325
0.0053280387,576,0.00059570506,8,0.005923744,57332,31.016197204589844,-0.0003560781478881836,0.00070939667,0.59570503,163.825,163.825
0.0040732617,581,0.0005892278,5,0.0046624895,58283,31.536709547042847,-0.0004984140396118164,0.0007694722,0.5892278,163.75,163.75
0.0072535574,586,0.0005892035,5,0.0078427605,59260,32.11773085594177,-0.0004355907440185547,0.0009927305,0.5892035,163.275,163.275
0.005565487,592,0.0005846018,6,0.0061500887,60365,32.640042543411255,-0.0004363059997558594,0.00087848573,0.58460176,169.575,169.575
0.0072599845,597,0.0005849953,5,0.00784498,61307,33.177303314208984,-0.00043189525604248047,0.0008006552,0.58499527,170.625,170.625
0.0040600817,603,0.0005925633,6,0.004652645,62440,33.73137068748474,-0.0004731416702270508,0.00068719574,0.5925633,179.95,179.95
0.0046047606,608,0.0005814779,5,0.0051862383,63371,34.28676438331604,-0.00039708614349365234,0.0006512689,0.5814779,179.875,179.875
0.0034729652,614,0.0005998981,6,0.004072863,64512,34.85643982887268,-0.0004096031188964844,0.00071210915,0.5998981,189.125,189.125
0.0049022324,619,0.0005834565,5,0.005485689,65512,35.41576933860779,-0.00033783912658691406,0.0010233049,0.58345646,190.1,190.1
0.0054133045,624,0.0005855177,5,0.0059988224,66491,35.979377031326294,-0.00035321712493896484,0.00082097494,0.58551764,190.775,190.775
0.006603175,630,0.00058198476,6,0.0071851597,67578,36.53975701332092,-0.0003578662872314453,0.0008245687,0.58198476,189.25,189.25
0.0037998953,635,0.0005875396,5,0.004387435,68536,37.09946656227112,-0.0003952980041503906,0.0005065196,0.58753955,189.775,189.775
0.005023212,640,0.0005942339,5,0.0056174463,69521,37.63099932670593,-0.00031697750091552734,0.0006956325,0.5942339,191.425,191.425
0.0037102168,645,0.0005878436,5,0.00429806,70518,38.177958965301514,-0.0002671480178833008,0.00084831397,0.58784354,192.425,192.425
0.0055872137,650,0.00058069936,5,0.006167913,71494,38.76918268203735,-0.00028908252716064453,0.0008483847,0.5806993,193.075,193.075
0.0068014455,656,0.0005878296,6,0.0073892754,72648,39.34970688819885,-0.00031375885009765625,0.0007453006,0.5878296,193.4,193.4
0.0035039485,661,0.00056886615,5,0.0040728147,73646,39.895108222961426,-0.00025534629821777344,0.00067091105,0.56886613,193.35,193.35
0.0048027565,666,0.0005864984,5,0.005389255,74609,40.446988344192505,-0.00036454200744628906,0.0005550374,0.5864984,193.725,193.725
0.004211922,672,0.0005851622,6,0.0047970843,75770,41.03429889678955,-0.00020587444305419922,0.0008342168,0.58516216,195.425,195.425
0.0032051334,677,0.000576276,5,0.0037814095,76687,41.58091998100281,-0.0002751350402832031,0.00069407583,0.57627594,193.775,193.775
0.0049747163,682,0.0005761687,5,0.005550885,77661,42.10608649253845,-0.00022351741790771484,0.00065492484,0.57616866,193.575,193.575
0.0039946428,688,0.00058416446,6,0.0045788074,78817,42.69332766532898,-0.00022017955780029297,0.0007602887,0.58416444,193.075,193.075
0.0033936594,693,0.00059827545,5,0.003991935,79812,43.21024990081787,-0.00023651123046875,0.0006703624,0.5982754,193.125,193.125
0.0047580395,698,0.0005911325,5,0.005349172,80812,43.72931790351868,-0.00022172927856445312,0.0006457555,0.59113246,194.1,194.1
0.005123265,703,0.0005975087,5,0.0057207737,81755,44.321383476257324,-0.00022077560424804688,0.0009929563,0.59750867,193.65,193.65
0.0051585445,708,0.0005951855,5,0.00575373,82748,44.893919229507446,-0.00018548965454101562,0.0008157782,0.59518546,193.475,193.475
0.0052004065,714,0.0005766063,6,0.005777013,83885,45.40993905067444,-0.0002142190933227539,0.0006477954,0.5766063,193.725,193.725
0.0035516615,719,0.0005770936,5,0.004128755,84813,45.99434542655945,-0.00021159648895263672,0.00057556015,0.5770936,193.15,193.15
0.005437857,725,0.00057727663,6,0.0060151336,86007,46.57650804519653,-0.0002338886260986328,0.0008427702,0.5772766,193.65,193.65
0.003593254,730,0.0005864363,5,0.00417969,86942,47.12211203575134,-0.00025200843811035156,0.000507209,0.5864363,193.125,193.125
0.0040307646,735,0.00058901706,5,0.004619782,87884,47.68451690673828,-0.00016558170318603516,0.00067828974,0.58901703,191.8,191.8
0.004361179,741,0.0005966874,6,0.0049578664,89015,48.22011208534241,-0.00019657611846923828,0.0006117774,0.5966873,190.75,190.75
0.009825887,747,0.000585822,6,0.01041171,90051,48.81244778633118,-0.00023448467254638672,0.001060089,0.5858219,187.575,187.575
0.0043435087,753,0.0006016212,6,0.00494513,91102,49.36931538581848,-0.00020456314086914062,0.0008115448,0.6016212,185.425,185.425
0.00512024,759,0.00058761647,6,0.0057078567,92115,49.93456196784973,-0.00018703937530517578,0.0008029477,0.58761644,182.55,182.55
0.005722006,765,0.0005824387,6,0.0063044447,93107,50.507352352142334,-0.00015783309936523438,0.00081681303,0.5824387,177.5,177.5
0.0068881027,771,0.000587353,6,0.0074754558,94128,51.05613732337952,-0.0001850128173828125,0.0007857303,0.587353,174.65,174.65
0.0042287377,776,0.0005915405,5,0.004820278,95065,51.62036633491516,-0.00016236305236816406,0.00084711687,0.59154046,174.525,174.525
0.0065024663,782,0.0005710665,6,0.007073533,96136,52.193809509277344,-0.00014317035675048828,0.00070729444,0.5710665,173.625,173.625
0.00489197,788,0.0005946772,6,0.0054866476,97274,52.69598579406738,-0.00014007091522216797,0.00087756076,0.5946772,175.575,175.575
0.0073979655,793,0.00058209564,5,0.007980061,98186,53.198206186294556,-0.00013828277587890625,0.00079929736,0.5820956,177.1,177.1
0.0065411916,799,0.00057641475,6,0.0071176062,99307,53.75455331802368,-0.0001456737518310547,0.0007938909,0.5764147,179.8,179.8
0.0074858246,804,0.00058488065,5,0.008070705,100272,54.34470796585083,-0.0001246929168701172,0.0011688728,0.5848806,184.125,184.125
