EpRewMean,TimestepsSoFar,entloss,entropy,EpThisIter,optimgain,meankl,TimeElapsed,surrgain,ev_tdlam_before,EpisodesSoFar,EpLenMean
21.6,1004,0.0,0.6922997,45,0.0067485473,0.0009047273,0.9344081878662109,0.0067485473,-0.0011750459671020508,45,21.6
28.425,2037,0.0,0.6897099,36,0.008189003,0.0010133109,1.7707560062408447,0.008189003,0.03523749113082886,81,28.425
25.625,3062,0.0,0.6843395,40,0.00910054,0.0010082413,2.5743610858917236,0.00910054,0.14188456535339355,121,25.625
27.125,4087,0.0,0.6784393,37,0.00911612,0.0009427456,3.3633735179901123,0.00911612,0.23721009492874146,158,27.125
29.75,5115,0.0,0.67042804,35,0.010368461,0.0009740816,4.1974241733551025,0.010368461,0.2535369396209717,193,29.75
32.55,6133,0.0,0.6640076,28,0.008347541,0.0008987669,4.980793714523315,0.008347541,0.21496957540512085,221,32.55
40.025,7156,0.0,0.6570071,22,0.0077177403,0.0009652562,5.705167055130005,0.0077177403,0.21658271551132202,243,40.025
46.625,8166,0.0,0.64378893,22,0.008527303,0.00095630507,6.4821295738220215,0.008527303,0.23399531841278076,265,46.625
50.95,9134,0.0,0.64668477,16,0.009152539,0.00096572796,7.255839824676514,0.009152539,0.32005518674850464,281,50.95
63.5,10179,0.0,0.62824106,14,0.006671566,0.0009551074,8.054864168167114,0.006671566,0.20935672521591187,295,63.5
70.15,11180,0.0,0.6202225,14,0.0076649003,0.00092963397,8.843318939208984,0.0076649003,0.20156437158584595,309,70.15
78.825,12252,0.0,0.61341,11,0.007317415,0.00091722317,9.593680381774902,0.007317415,0.45992833375930786,320,78.825
86.025,13241,0.0,0.6060375,11,0.007598658,0.0009089039,10.41350269317627,0.007598658,0.25241559743881226,331,86.025
93.125,14331,0.0,0.60329705,8,0.004967939,0.0008368684,11.224260568618774,0.004967939,0.45922815799713135,339,93.125
103.275,15223,0.0,0.60408103,7,0.007919151,0.00094139716,12.010119199752808,0.007919151,0.5074961185455322,346,103.275
114.775,16356,0.0,0.594145,9,0.006958217,0.0008197359,12.80682897567749,0.006958217,0.3900038003921509,355,114.775
127.35,17394,0.0,0.60774124,6,0.0027526643,0.00079499,13.571726560592651,0.0027526643,0.4150799512863159,361,127.35
135.9,18243,0.0,0.60404295,5,0.006327553,0.00059524487,14.30999207496643,0.006327553,0.505673885345459,366,135.9
149.1,19336,0.0,0.59841436,6,0.0039827554,0.00083893584,15.08436369895935,0.0039827554,0.6647343635559082,372,149.1
153.65,20281,0.0,0.6161752,5,0.0030976832,0.0008590963,16.07749104499817,0.0030976832,0.4296836853027344,377,153.65
163.475,21358,0.0,0.5909706,6,0.0061915033,0.0008244734,16.935928344726562,0.0061915033,0.7404483258724213,383,163.475
171.125,22528,0.0,0.6053462,6,0.004596743,0.0007527759,17.74106001853943,0.004596743,0.6330892741680145,389,171.125
176.05,23398,0.0,0.5910735,6,0.009273096,0.0008291305,18.571941375732422,0.009273096,0.36241763830184937,395,176.05
179.225,24563,0.0,0.60166705,6,0.002540005,0.0005447073,19.4248526096344,0.002540005,0.5413565635681152,401,179.225
181.025,25484,0.0,0.5947465,5,0.0070240675,0.00097449165,20.285021781921387,0.0070240675,0.8416577279567719,406,181.025
182.8,26448,0.0,0.58899534,5,0.0043938677,0.0008841763,21.10356092453003,0.0043938677,0.6425034999847412,411,182.8
180.725,27510,0.0,0.59802425,6,0.003513855,0.0007275352,21.897953510284424,0.003513855,0.7312421500682831,417,180.725
183.075,28481,0.0,0.5903835,5,0.005148801,0.00071493705,22.680258989334106,0.005148801,0.28519874811172485,422,183.075
183.5,29681,0.0,0.5801026,6,0.0028256709,0.0007413355,23.479822874069214,0.0028256709,0.6154734194278717,428,183.5
192.075,30681,0.0,0.5903651,5,0.0019145273,0.00048245757,24.24491596221924,0.0019145273,0.5934397578239441,433,192.075
191.3,31618,0.0,0.5667252,5,0.0066425395,0.00061825744,25.052561044692993,0.0066425395,0.12382251024246216,438,191.3
192.075,32618,0.0,0.58091295,5,0.0037807368,0.00073951756,25.829953908920288,0.0037807368,0.2667916417121887,443,192.075
193.625,33618,0.0,0.57951814,5,0.0027703897,0.00076669233,26.633751153945923,0.0027703897,0.24661201238632202,448,193.625
195.7,34618,0.0,0.5795344,5,0.0020508512,0.0007064367,27.49358892440796,0.0020508512,0.42680227756500244,453,195.7
195.55,35732,0.0,0.57169366,6,0.003937933,0.0008085442,28.339250326156616,0.003937933,0.6790652573108673,459,195.55
196.275,36732,0.0,0.5817847,5,0.0030188104,0.000598818,29.104395389556885,0.0030188104,0.21347302198410034,464,196.275
196.275,37732,0.0,0.56615865,5,0.0031386954,0.00072098325,29.957228183746338,0.0031386954,0.4043501615524292,469,196.275
196.275,38732,0.0,0.5806043,5,0.001663351,0.0006309462,30.788694858551025,0.001663351,0.29756760597229004,474,196.275
197.85,39932,0.0,0.56531465,6,0.003095667,0.0006313788,31.608290195465088,0.003095667,0.5096992552280426,480,197.85
197.85,40932,0.0,0.5899384,5,0.0025016938,0.00089678494,32.42166495323181,0.0025016938,0.39261776208877563,485,197.85
197.85,41932,0.0,0.5942153,5,0.0036707958,0.0010159756,33.215636253356934,0.0036707958,0.3772059679031372,490,197.85
200.0,42932,0.0,0.5946466,5,0.0031075901,0.00083231216,34.00896239280701,0.0031075901,0.45141762495040894,495,200.0
200.0,43932,0.0,0.59019214,5,0.0029248153,0.00070898933,34.78779125213623,0.0029248153,0.06456506252288818,500,200.0
197.375,45027,0.0,0.58217317,6,0.0036353641,0.0006051178,35.570820808410645,0.0036353641,0.1261911392211914,506,197.375
193.55,46074,0.0,0.58503854,6,0.003945749,0.00071632105,36.4717435836792,0.003945749,0.17803192138671875,512,193.55
193.55,47074,0.0,0.5913776,5,0.0044089938,0.0008866857,37.229536056518555,0.0044089938,-0.09921753406524658,517,193.55
189.575,48115,0.0,0.58490634,6,0.0051330933,0.00064741645,38.02669024467468,0.0051330933,0.28814250230789185,523,189.575
189.575,49115,0.0,0.5837685,5,0.0038457625,0.0009206943,38.77539801597595,0.0038457625,0.2865294814109802,528,189.575
189.575,50115,0.0,0.5706943,5,0.0023302773,0.00043574785,39.58696436882019,0.0023302773,0.18083429336547852,533,189.575
189.575,51115,0.0,0.5626732,5,0.0030841334,0.00082638697,40.4163236618042,0.0030841334,0.46863698959350586,538,189.575
189.575,52115,0.0,0.57417023,5,0.0019297913,0.0007772505,41.26199793815613,0.0019297913,0.19927293062210083,543,189.575
192.2,53115,0.0,0.5751621,5,0.0030576838,0.0008620393,42.090622663497925,0.0030576838,0.3764075040817261,548,192.2
193.425,54211,0.0,0.5717272,6,0.0032309473,0.00062914623,42.92189049720764,0.0032309473,0.41687434911727905,554,193.425
197.4,55211,0.0,0.5754936,5,0.0028281193,0.00079777476,43.730730295181274,0.0028281193,0.5201459527015686,559,197.4
197.4,56211,0.0,0.5758291,5,0.0035120584,0.00091207016,44.49324011802673,0.0035120584,0.1567293405532837,564,197.4
197.4,57211,0.0,0.5629908,5,0.0037814374,0.00084215146,45.346023082733154,0.0037814374,0.38453638553619385,569,197.4
197.4,58211,0.0,0.58450544,5,0.0019639255,0.00063526945,46.25307607650757,0.0019639255,0.5253263711929321,574,197.4
197.4,59211,0.0,0.5765065,5,0.0023768921,0.00090287323,47.03324794769287,0.0023768921,0.33292198181152344,579,197.4
197.4,60411,0.0,0.59292465,6,0.001518656,0.000902905,47.80546951293945,0.001518656,0.5484079122543335,585,197.4
194.85,61309,0.0,0.5433225,5,0.0045023356,0.00071585295,48.5883629322052,0.0045023356,0.3206700086593628,590,194.85
197.45,62309,0.0,0.5444324,5,0.0033120466,0.0006300637,49.369786739349365,0.0033120466,0.26473551988601685,595,197.45
197.45,63309,0.0,0.5820476,5,0.002754739,0.0006420867,50.19512939453125,0.002754739,0.36819279193878174,600,197.45
197.45,64509,0.0,0.55928713,6,0.002660343,0.0007059773,50.97054123878479,0.002660343,0.2880246639251709,606,197.45
197.45,65509,0.0,0.5772233,5,0.0029318817,0.001027006,51.796924352645874,0.0029318817,0.6286858320236206,611,197.45
197.45,66509,0.0,0.57008004,5,0.0026875506,0.0010681488,52.549201250076294,0.0026875506,0.5204042494297028,616,197.45
197.45,67509,0.0,0.57665366,5,0.0045732926,0.0009124456,53.386476278305054,0.0045732926,0.4805087447166443,621,197.45
200.0,68509,0.0,0.56025815,5,0.0055013024,0.0009361466,54.21602487564087,0.0055013024,0.08350235223770142,626,200.0
198.5,69449,0.0,0.54848206,5,0.0038789518,0.00062205957,55.00560688972473,0.0038789518,0.317812979221344,631,198.5
198.5,70649,0.0,0.5750928,6,0.003535119,0.0008838984,55.8064022064209,0.003535119,0.5768020749092102,637,198.5
198.5,71649,0.0,0.57078844,5,0.0018751419,0.0006794339,56.606568336486816,0.0018751419,0.44267016649246216,642,198.5
198.5,72649,0.0,0.5727491,5,0.004766711,0.00079092645,57.39103388786316,0.004766711,0.4652588963508606,647,198.5
198.5,73649,0.0,0.5681789,5,0.0032350936,0.0006879555,58.15183925628662,0.0032350936,-0.12553918361663818,652,198.5
198.5,74649,0.0,0.580172,5,0.003810215,0.0009647615,58.91117596626282,0.003810215,0.25613266229629517,657,198.5
198.5,75649,0.0,0.57560396,5,0.004364808,0.0010288798,59.71300530433655,0.004364808,0.577616423368454,662,198.5
198.5,76649,0.0,0.57997775,5,0.002802453,0.00066118955,60.474515199661255,0.002802453,0.2539899945259094,667,198.5
200.0,77649,0.0,0.5982021,5,0.0029631383,0.0006015124,61.217926025390625,0.0029631383,0.5062879621982574,672,200.0
200.0,78649,0.0,0.58596504,5,0.002871552,0.00080357934,61.96487760543823,0.002871552,0.03743821382522583,677,200.0
199.675,79836,0.0,0.59303916,6,0.0036158797,0.0008828176,62.838624715805054,0.0036158797,0.10197383165359497,683,199.675
197.125,80734,0.0,0.57292575,5,0.003470305,0.0008962808,63.716796875,0.003470305,0.248369038105011,688,197.125
197.125,81734,0.0,0.5838504,5,0.005180343,0.0010137935,64.5194993019104,0.005180343,0.1385161280632019,693,197.125
197.125,82934,0.0,0.5907903,6,0.0031809523,0.0009045112,65.346031665802,0.0031809523,0.25093990564346313,699,197.125
197.125,83934,0.0,0.5707407,5,0.0026617695,0.0009602738,66.12555503845215,0.0026617695,0.3469485640525818,704,197.125
197.125,84934,0.0,0.5969058,5,0.002362064,0.00071533775,66.90403652191162,0.002362064,0.44616538286209106,709,197.125
192.675,85956,0.0,0.5600138,6,0.0051256423,0.00073042436,67.67182421684265,0.0051256423,0.35873520374298096,715,192.675
193.0,86956,0.0,0.5736142,5,0.0032651382,0.0007199603,68.42921304702759,0.0032651382,0.25157636404037476,720,193.0
194.75,87956,0.0,0.58500516,5,0.0023503697,0.00087934965,69.20717406272888,0.0023503697,0.48206835985183716,725,194.75
195.55,88956,0.0,0.57114756,5,0.0050272197,0.000710368,69.98405528068542,0.0050272197,0.10924077033996582,730,195.55
194.8,89926,0.0,0.5863662,5,0.005851417,0.0009807865,70.79749822616577,0.005851417,0.1776139736175537,735,194.8
194.8,91126,0.0,0.5649041,6,0.0042733224,0.0009821865,71.53505802154541,0.0042733224,0.18816572427749634,741,194.8
194.8,92126,0.0,0.5809251,5,0.0024450673,0.0007884477,72.37335419654846,0.0024450673,0.4982776641845703,746,194.8
194.8,93126,0.0,0.57223165,5,0.0027537816,0.00077844434,73.12470173835754,0.0027537816,0.07578754425048828,751,194.8
199.25,94126,0.0,0.5937047,5,0.003484971,0.0010230623,74.01133942604065,0.003484971,0.422211229801178,756,199.25
199.25,95126,0.0,0.58860457,5,0.0025040938,0.0006746582,74.79754900932312,0.0025040938,0.3998901844024658,761,199.25
199.25,96126,0.0,0.57809526,5,0.0035194014,0.00082203443,75.65292692184448,0.0035194014,0.37218767404556274,766,199.25
199.25,97126,0.0,0.5800334,5,0.003704797,0.00089235086,76.45873856544495,0.003704797,0.20950061082839966,771,199.25
200.0,98126,0.0,0.5635998,5,0.0023526507,0.0004800773,77.28878927230835,0.0023526507,0.3415234088897705,776,200.0
199.025,99287,0.0,0.56440663,6,0.006470342,0.00083759456,78.10218667984009,0.006470342,0.459153413772583,782,199.025
199.025,100287,0.0,0.57699174,5,0.0043178517,0.0008005712,78.89045429229736,0.0043178517,0.21851801872253418,787,199.025
