ev_tdlam_before,surrgain,EpLenMean,entropy,TimeElapsed,EpThisIter,entloss,EpRewMean,TimestepsSoFar,optimgain,meankl,EpisodesSoFar
0.0731310248374939,0.0074399887,24.125,0.6922122,0.6593692302703857,42,0.0,24.125,998,0.0074399887,0.00091412466,42
0.10618323087692261,0.004240785,20.1,0.6917805,1.191457986831665,48,0.0,20.1,2048,0.004240785,0.00064154516,90
0.2439723014831543,0.0071450155,23.35,0.6898054,1.741640567779541,44,0.0,23.35,3062,0.0071450155,0.00086018594,134
0.11908596754074097,0.009131705,26.75,0.68597186,2.3002216815948486,39,0.0,26.75,4088,0.009131705,0.0010377212,173
0.18608474731445312,0.010335942,27.45,0.6809235,2.8086061477661133,38,0.0,27.45,5105,0.010335942,0.0010069965,211
0.18470162153244019,0.0056578293,27.65,0.6749827,3.4231646060943604,38,0.0,27.65,6139,0.0056578293,0.0009870698,249
0.14626538753509521,0.0056049824,30.95,0.6705888,3.9985263347625732,33,0.0,30.95,7151,0.0056049824,0.000779759,282
0.16486096382141113,0.0080781765,32.9,0.6593695,4.531017541885376,30,0.0,32.9,8169,0.0080781765,0.0008404908,312
0.2744925618171692,0.012501288,40.6,0.6579521,5.077719211578369,19,0.0,40.6,9171,0.012501288,0.0009710908,331
0.2707447409629822,0.01167332,51.025,0.64826894,5.639185905456543,21,0.0,51.025,10210,0.01167332,0.0010056127,352
0.16238749027252197,0.004845425,55.175,0.6407993,6.193419933319092,18,0.0,55.175,11254,0.004845425,0.0008835797,370
0.14879870414733887,0.008038567,56.575,0.6366632,6.726873397827148,18,0.0,56.575,12245,0.008038567,0.00093158375,388
0.22370535135269165,0.007180161,62.375,0.6256982,7.283243179321289,16,0.0,62.375,13260,0.007180161,0.00088763377,404
0.05680650472640991,0.013747676,65.2,0.6146735,7.803544044494629,11,0.0,65.2,14198,0.013747676,0.00087957084,415
0.11727768182754517,0.006295477,80.125,0.614377,8.342573881149292,10,0.0,80.125,15237,0.006295477,0.0008181555,425
0.1917770504951477,0.005268746,90.5,0.6185075,8.907689809799194,9,0.0,90.5,16257,0.005268746,0.00080619054,434
0.17503511905670166,0.008581391,105.95,0.61163294,9.462901592254639,8,0.0,105.95,17391,0.008581391,0.0008704115,442
0.1780303716659546,0.005053338,118.175,0.60170937,10.011901378631592,6,0.0,118.175,18239,0.005053338,0.00079385075,448
0.3237380385398865,0.008050954,130.125,0.6066333,10.570074081420898,7,0.0,130.125,19403,0.008050954,0.000833243,455
0.26402807235717773,0.0067299325,141.225,0.61571175,11.107985019683838,6,0.0,141.225,20429,0.0067299325,0.0006649679,461
0.37977898120880127,0.007457864,145.2,0.60877514,11.618356943130493,8,0.0,145.2,21450,0.007457864,0.0007552946,469
0.29695725440979004,0.004828371,148.65,0.59436154,12.19374966621399,7,0.0,148.65,22492,0.004828371,0.00072371494,476
0.7656300216913223,0.009821931,150.65,0.5966236,12.754944801330566,6,0.0,150.65,23417,0.009821931,0.000874121,482
0.6622926294803619,0.0068655303,151.925,0.5878619,13.28513789176941,7,0.0,151.925,24516,0.0068655303,0.0008404405,489
0.836892619729042,0.012252783,152.75,0.60587776,13.863005638122559,6,0.0,152.75,25513,0.012252783,0.0007521941,495
0.798028752207756,0.0069276933,150.275,0.59553826,14.421961307525635,7,0.0,150.275,26623,0.0069276933,0.0006847527,502
0.7825657874345779,0.0032917764,153.775,0.60419726,14.92337703704834,6,0.0,153.775,27560,0.0032917764,0.000722334,508
0.8440375775098801,0.0037853601,156.425,0.5906677,15.427625894546509,7,0.0,156.425,28549,0.0037853601,0.0007457484,515
0.9101207405328751,0.0030243378,154.2,0.58865523,15.949041366577148,7,0.0,154.2,29585,0.0030243378,0.00082052266,522
0.9209382310509682,0.002579758,156.15,0.5890672,16.48432469367981,6,0.0,156.15,30596,0.002579758,0.0004515039,528
0.7714241445064545,0.0042448808,158.475,0.58337975,17.046903371810913,5,0.0,158.475,31553,0.0042448808,0.001007585,533
0.9137609526515007,0.0059895013,155.75,0.5639056,17.64563775062561,7,0.0,155.75,32633,0.0059895013,0.00082561397,540
0.9348539113998413,0.0041854056,159.75,0.57208633,18.178608894348145,6,0.0,159.75,33601,0.0041854056,0.000884984,546
0.9617962799966335,0.003377053,165.325,0.5830794,18.740051746368408,6,0.0,165.325,34677,0.003377053,0.00054261077,552
0.9956873911432922,0.0047189156,164.85,0.5798721,19.279035091400146,7,0.0,164.85,35819,0.0047189156,0.00082786265,559
0.9509880691766739,0.0062831594,170.1,0.568905,19.789337158203125,5,0.0,170.1,36728,0.0062831594,0.00081429834,564
0.9394552670419216,0.004222825,171.625,0.58212787,20.35850167274475,6,0.0,171.625,37818,0.004222825,0.00080754305,570
0.976930869743228,0.0036259536,169.55,0.58384264,20.952886819839478,6,0.0,169.55,38849,0.0036259536,0.0008854952,576
0.7679416388273239,0.005414866,174.75,0.58238196,21.49134135246277,6,0.0,174.75,39924,0.005414866,0.00068986736,582
0.9024187549948692,0.0036732135,177.025,0.5862898,22.01234745979309,5,0.0,177.025,40882,0.0036732135,0.0005895277,587
0.9761570580303669,0.005532615,176.8,0.5782213,22.579066276550293,6,0.0,176.8,41908,0.005532615,0.0006356912,593
0.9300037696957588,0.0047228355,177.25,0.5781262,23.131680727005005,6,0.0,177.25,42909,0.0047228355,0.00060038833,599
0.9978611436672509,0.009606753,175.65,0.5738774,23.657883644104004,6,0.0,175.65,43954,0.009606753,0.0010239006,605
0.9881534148007631,0.002627239,174.825,0.58737314,24.22802472114563,6,0.0,174.825,45011,0.002627239,0.00066615536,611
0.9948688358999789,0.0040827496,175.875,0.57875764,24.749383449554443,6,0.0,175.875,46036,0.0040827496,0.0012228638,617
0.9908962249755859,0.0033972235,177.175,0.58375573,25.281632661819458,5,0.0,177.175,47011,0.0033972235,0.0008459573,622
0.9956884584389627,0.0060907677,173.2,0.57644045,25.829012155532837,6,0.0,173.2,48009,0.0060907677,0.00081596524,628
0.9929455704987049,0.0035532224,175.45,0.5858911,26.384580373764038,6,0.0,175.45,49088,0.0035532224,0.0010761129,634
0.9805892277508974,0.003932342,176.225,0.57474875,26.885210752487183,6,0.0,176.225,50118,0.003932342,0.0009663612,640
0.9975335355848074,0.011127414,175.35,0.5883086,27.449499130249023,6,0.0,175.35,51137,0.011127414,0.0009872944,646
0.9970336938276887,0.0076986877,174.125,0.59426594,28.002315998077393,6,0.0,174.125,52131,0.0076986877,0.00077622815,652
0.9847604017704725,0.0029728222,170.125,0.5635507,28.510172128677368,7,0.0,170.125,53241,0.0029728222,0.0007112153,659
0.9970290779601783,0.009218529,168.2,0.5908457,29.051801204681396,6,0.0,168.2,54249,0.009218529,0.00059359823,665
0.9815401677042246,0.0039406233,168.85,0.5904658,29.607267141342163,5,0.0,168.85,55113,0.0039406233,0.00060170423,670
0.9458660557866096,0.0070787533,170.475,0.571331,30.10768461227417,6,0.0,170.475,56253,0.0070787533,0.0007809324,676
0.9942958545871079,0.0071491348,171.175,0.5836524,30.646677017211914,6,0.0,171.175,57288,0.0071491348,0.0006345717,682
0.9594668820500374,0.01091806,173.25,0.57468593,31.170912742614746,5,0.0,173.25,58238,0.01091806,0.00058146525,687
0.9673709534108639,0.003999018,174.475,0.5759452,31.712251901626587,6,0.0,174.475,59303,0.003999018,0.00072579156,693
0.9797795228660107,0.005423911,177.05,0.570966,32.284114360809326,6,0.0,177.05,60323,0.005423911,0.00079830125,699
0.9969301547389477,0.008642243,178.025,0.57435906,32.80693340301514,6,0.0,178.025,61370,0.008642243,0.0008328558,705
0.9832863602787256,0.008017372,178.05,0.58014137,33.2946400642395,6,0.0,178.05,62431,0.008017372,0.0008817591,711
0.9749116506427526,0.010081744,175.95,0.5662323,33.77769136428833,6,0.0,175.95,63459,0.010081744,0.00085218926,717
0.990358660928905,0.007735932,175.8,0.5691672,34.32129979133606,6,0.0,175.8,64495,0.007735932,0.00074765406,723
0.9823458436876535,0.0064926557,173.975,0.58437574,34.853148460388184,6,0.0,173.975,65523,0.0064926557,0.00090601074,729
0.9926211247220635,0.010792385,173.45,0.5684869,35.39490103721619,5,0.0,173.45,66441,0.010792385,0.0010444622,734
0.9961950478609651,0.010798136,175.525,0.5717366,35.94465184211731,6,0.0,175.525,67535,0.010798136,0.0009861382,740
0.9816285334527493,0.003775701,176.35,0.5706418,36.45900011062622,5,0.0,176.35,68424,0.003775701,0.0008567173,745
0.9653038159012794,0.0028498042,178.45,0.5868057,37.019211530685425,6,0.0,178.45,69569,0.0028498042,0.0006966292,751
0.9793374072760344,0.00343268,178.825,0.5840324,37.57483768463135,6,0.0,178.825,70612,0.00343268,0.0007952668,757
0.9742787014693022,0.0024567302,177.025,0.57656765,38.122164487838745,6,0.0,177.025,71576,0.0024567302,0.0007093938,763
0.98784589022398,0.009123487,176.5,0.5627213,38.693562030792236,6,0.0,176.5,72583,0.009123487,0.00063076196,769
0.9859621273353696,0.006062757,176.6,0.5634533,39.24681544303894,6,0.0,176.6,73693,0.006062757,0.0007626915,775
0.993559910915792,0.006939671,176.95,0.55708927,39.75069212913513,5,0.0,176.95,74613,0.006939671,0.00085298915,780
0.9763336144387722,0.0037257527,176.475,0.55838585,40.27873373031616,6,0.0,176.475,75683,0.0037257527,0.00091146975,786
0.9516019560396671,0.0057713613,177.225,0.57567334,40.77429914474487,5,0.0,177.225,76658,0.0057713613,0.0006571929,791
0.9879598123952746,0.0115174465,177.6,0.5354259,41.293628215789795,6,0.0,177.6,77716,0.0115174465,0.00096366147,797
0.9609558880329132,0.004688844,179.5,0.5500863,41.817575454711914,6,0.0,179.5,78756,0.004688844,0.0010250127,803
0.9697733856737614,0.011756962,184.025,0.5810286,42.382925510406494,5,0.0,184.025,79744,0.011756962,0.0007697581,808
0.9759886525571346,0.003675932,184.5,0.57635194,42.90317726135254,6,0.0,184.5,80873,0.003675932,0.0007707132,814
0.9782512672245502,0.003955866,184.875,0.56452024,43.392234563827515,5,0.0,184.875,81827,0.003955866,0.00091944606,819
0.9891840377822518,0.008706819,188.125,0.5655257,43.939645528793335,5,0.0,188.125,82827,0.008706819,0.0009968352,824
0.9569975025951862,0.0074570393,188.575,0.5687971,44.45820140838623,5,0.0,188.575,83826,0.0074570393,0.00074847543,829
0.9512186944484711,0.010525606,188.875,0.57099724,45.013102769851685,5,0.0,188.875,84808,0.010525606,0.000803332,834
0.9594705551862717,0.006472662,192.925,0.5692769,45.554789304733276,6,0.0,192.925,85964,0.006472662,0.00052450685,840
0.9758570920675993,0.0058245175,195.0,0.5668222,46.0722918510437,5,0.0,195.0,86955,0.0058245175,0.00077281514,845
0.9459213986992836,0.00659688,194.325,0.5644207,46.62908983230591,5,0.0,194.325,87867,0.00659688,0.0006552182,850
0.9383205026388168,0.0052771308,194.975,0.5693375,47.14627265930176,6,0.0,194.975,89067,0.0052771308,0.0007638684,856
0.946434523910284,0.012627621,193.4,0.5363302,47.68062949180603,5,0.0,193.4,89963,0.012627621,0.00084434927,861
0.9075996652245522,0.0060692243,192.4,0.5795157,48.25908660888672,6,0.0,192.4,91123,0.0060692243,0.00074345304,867
0.9185355380177498,0.004970717,192.85,0.5774092,48.792343854904175,5,0.0,192.85,92122,0.004970717,0.00058084785,872
0.9810510408133268,0.013644448,193.05,0.58515763,49.298593282699585,5,0.0,193.05,93118,0.013644448,0.000601292,877
0.946916040033102,0.0025725607,193.725,0.5613986,49.88282775878906,5,0.0,193.725,94104,0.0025725607,0.0007349537,882
0.9359146133065224,0.006519084,193.725,0.54972494,50.41224956512451,5,0.0,193.725,95104,0.006519084,0.0008373881,887
0.9636101350188255,0.0048009073,195.925,0.55622935,50.91990804672241,5,0.0,195.925,96104,0.0048009073,0.0009639761,892
0.9714241474866867,0.008569622,198.525,0.54976726,51.49087715148926,5,0.0,198.525,97104,0.008569622,0.0009506083,897
0.9529707804322243,0.0058157127,199.525,0.5713762,52.00026988983154,6,0.0,199.525,98304,0.0058157127,0.0011135968,903
0.9400008507072926,0.00806804,199.525,0.54590404,52.508450508117676,5,0.0,199.525,99304,0.00806804,0.0011848104,908
0.9790949858725071,0.009938864,199.55,0.54674554,53.05038523674011,5,0.0,199.55,100304,0.009938864,0.0007675576,913
