meankl,EpisodesSoFar,EpLenMean,optimgain,entropy,ev_tdlam_before,TimeElapsed,TimestepsSoFar,EpRewMean,EpThisIter,entloss,surrgain
0.0008706248,41,24.575,0.009547774,0.69224864,-0.00010979175567626953,0.6264328956604004,1000,24.575,41,0.0034612431,0.00608653
0.00092419924,82,24.825,0.00954577,0.68955487,0.010915219783782959,1.1490216255187988,2029,24.825,41,0.0034477743,0.0060979947
0.0010125958,119,27.325,0.011378187,0.6853348,-0.0018612146377563477,1.6944963932037354,3049,27.325,37,0.0034266738,0.007951513
0.0009359145,147,33.875,0.011544028,0.6802299,0.004141032695770264,2.267387628555298,4084,33.875,28,0.0034011495,0.008142879
0.0009814807,184,31.775,0.01188372,0.6716179,0.02795720100402832,2.776298999786377,5109,31.775,37,0.0033580896,0.00852563
0.0008992829,211,32.6,0.010140398,0.6635723,0.010614514350891113,3.3118896484375,6143,32.6,27,0.0033178616,0.006822536
0.00092356594,236,42.125,0.0114603955,0.6572572,0.012634873390197754,3.8160312175750732,7152,42.125,25,0.003286286,0.008174109
0.000962645,254,47.95,0.01009064,0.649733,-0.003972172737121582,4.3373260498046875,8164,47.95,18,0.003248665,0.006841975
0.00090912863,272,54.725,0.010160408,0.6397354,-0.004404664039611816,4.889068126678467,9211,54.725,18,0.003198677,0.0069617312
0.00096097833,290,57.425,0.012435675,0.62881756,0.004507660865783691,5.4937779903411865,10201,57.425,18,0.0031440877,0.009291587
0.00085902656,299,70.025,0.0075811343,0.63011456,0.018814027309417725,6.032936334609985,11211,70.025,9,0.0031505728,0.0044305613
0.000906731,312,76.0,0.011309148,0.6174863,0.006533563137054443,6.575204372406006,12251,76.0,13,0.0030874314,0.008221717
0.00082072185,322,84.05,0.008624096,0.6090302,0.00291287899017334,7.151838541030884,13139,84.05,10,0.0030451508,0.005578946
0.00083718286,329,105.275,0.009131861,0.6108957,0.005923628807067871,7.701794147491455,14310,105.275,7,0.0030544784,0.0060773822
0.0007563077,337,106.35,0.0074243676,0.60804254,0.0047536492347717285,8.206023693084717,15344,106.35,8,0.0030402127,0.004384155
0.0009226537,344,115.75,0.009753779,0.60162956,0.0005075931549072266,8.743679761886597,16229,115.75,7,0.0030081477,0.006745631
0.0006725739,350,133.825,0.007939277,0.6051847,0.000934898853302002,9.256514072418213,17363,133.825,6,0.0030259234,0.0049133543
0.0007640851,355,142.0,0.008253144,0.60418797,0.000482022762298584,9.780845403671265,18243,142.0,5,0.0030209397,0.005232204
0.00050764764,362,156.675,0.0073728366,0.60313547,0.0036431550979614258,10.372085809707642,19406,156.675,7,0.0030156772,0.0043571596
0.00093568803,368,155.825,0.008299947,0.6031207,0.006894588470458984,10.95340895652771,20376,155.825,6,0.0030156034,0.005284343
0.0008350336,373,165.625,0.0074817706,0.6071601,0.0023341774940490723,11.459258079528809,21376,165.625,5,0.0030358003,0.00444597
0.0008355901,380,171.2,0.009480547,0.5854006,0.002647697925567627,12.031749963760376,22517,171.2,7,0.0029270027,0.006553544
0.0007887322,385,174.3,0.009588543,0.5834536,0.003597438335418701,12.591949939727783,23401,174.3,5,0.0029172678,0.006671276
0.00070592365,391,174.625,0.0080471,0.5902181,0.002901613712310791,13.111444473266602,24548,174.625,6,0.0029510905,0.00509601
0.0007622301,396,177.625,0.007245005,0.6004095,0.002307116985321045,13.693269968032837,25548,177.625,5,0.0030020475,0.0042429576
0.0007515765,401,181.2,0.008210833,0.5888986,0.0026159286499023438,14.264520406723022,26454,181.2,5,0.002944493,0.00526634
0.0004520422,407,186.775,0.006374242,0.5950918,-0.0006972551345825195,14.787137269973755,27647,186.775,6,0.002975459,0.003398783
0.00081864744,412,184.45,0.008349257,0.61060977,-0.0017784833908081055,15.347527742385864,28554,184.45,5,0.0030530489,0.005296208
0.0009809491,418,184.925,0.010802573,0.60836697,-0.0014668703079223633,15.924286603927612,29595,184.925,6,0.0030418348,0.007760738
0.00078261807,424,187.4,0.008828543,0.59653383,0.0007731914520263672,16.43797016143799,30697,187.4,6,0.002982669,0.0058458736
0.0006873751,429,186.825,0.007720599,0.5907662,-0.0003358125686645508,16.979102849960327,31621,186.825,5,0.0029538309,0.004766768
0.0008432701,435,183.7,0.011487156,0.58516085,-0.0006178617477416992,17.527294158935547,32696,183.7,6,0.0029258041,0.008561352
0.0008046365,441,182.175,0.010739523,0.5848682,0.013078570365905762,18.0372633934021,33741,182.175,6,0.002924341,0.007815182
0.0007683564,447,178.1,0.008169295,0.574285,-0.0014153718948364258,18.549203634262085,34771,178.1,6,0.002871425,0.0052978704
0.0008308029,452,180.1,0.009567857,0.59314984,-0.0021299123764038086,19.073607444763184,35758,180.1,5,0.0029657492,0.0066021075
0.00086595013,457,181.975,0.0059575047,0.59840643,0.08274972438812256,19.588613271713257,36733,181.975,5,0.002992032,0.0029654729
0.00050022383,463,183.55,0.006094034,0.5940528,-0.0012186765670776367,20.136560201644897,37839,183.55,6,0.0029702638,0.0031237702
0.00065428874,468,185.45,0.0068512894,0.58494115,0.06383466720581055,20.67188000679016,38839,185.45,5,0.0029247056,0.003926584
0.0008231905,473,186.65,0.008098727,0.5869038,-0.003031611442565918,21.19660782814026,39839,186.65,5,0.002934519,0.005164208
0.00071375887,479,190.325,0.0056409054,0.5976385,0.09594088792800903,21.767731189727783,40954,190.325,6,0.0029881925,0.002652713
0.00064507674,484,191.5,0.0063958056,0.5960866,0.11267685890197754,22.348746061325073,41843,191.5,5,0.002980433,0.0034153725
0.0007883223,489,191.8,0.0069806175,0.5877162,0.004921913146972656,22.91935920715332,42843,191.8,5,0.002938581,0.0040420364
0.0008489557,495,191.875,0.0069371155,0.5955648,0.2304123044013977,23.45429277420044,44008,191.875,6,0.0029778238,0.0039592916
0.0008770218,500,191.525,0.0059057167,0.5987592,0.17391890287399292,24.029353618621826,44994,191.525,5,0.0029937958,0.002911921
0.0006358761,505,193.875,0.0072815875,0.59908205,0.07546883821487427,24.545259475708008,45994,193.875,5,0.0029954102,0.0042861775
0.0007373528,510,191.775,0.009607595,0.59227073,0.47052228450775146,25.061280965805054,46910,191.775,5,0.0029613536,0.006646242
0.0008213926,516,193.325,0.0062748576,0.60512686,0.35868608951568604,25.5835599899292,48087,193.325,6,0.0030256342,0.0032492233
0.0004917486,521,190.6,0.006337735,0.59521115,0.5031612515449524,26.11226224899292,48978,190.6,5,0.0029760557,0.003361679
0.0008018438,527,192.75,0.006549049,0.6153426,0.31112003326416016,26.655556678771973,50153,192.75,6,0.003076713,0.0034723359
0.0008308405,532,191.85,0.0064181695,0.60301304,0.11437922716140747,27.170643091201782,51082,191.85,5,0.003015065,0.0034031041
0.00091478863,538,188.825,0.007873679,0.60540736,0.17497384548187256,27.685592651367188,52161,188.825,6,0.0030270368,0.0048466423
0.00075998675,545,180.975,0.009749965,0.58033603,0.32257694005966187,28.21412706375122,53233,180.975,7,0.00290168,0.006848285
0.0006309512,550,179.4,0.008333848,0.58446753,-0.023180127143859863,28.759887218475342,54086,179.4,5,0.0029223375,0.0054115104
0.0008463175,556,179.975,0.0071711666,0.5928879,0.25082916021347046,29.29169225692749,55286,179.975,6,0.0029644393,0.0042067273
0.0006885355,561,182.7,0.0062639713,0.6070792,0.2174978256225586,29.828542709350586,56286,182.7,5,0.0030353959,0.0032285755
0.00054426264,566,182.975,0.00629574,0.6050288,0.2851695418357849,30.336835145950317,57272,182.975,5,0.0030251439,0.0032705963
0.000800991,571,183.725,0.008278862,0.6022778,0.38276875019073486,30.8635356426239,58231,183.725,5,0.003011389,0.005267473
0.0006209039,577,184.175,0.0074543646,0.5833198,0.06554561853408813,31.404783964157104,59328,184.175,6,0.002916599,0.004537766
0.00065577694,583,186.6,0.005947211,0.59093845,0.30407869815826416,31.952959775924683,60385,186.6,6,0.002954692,0.0029925187
0.0007901493,588,191.8,0.00720272,0.5968764,0.2971143126487732,32.46840763092041,61358,191.8,5,0.0029843817,0.004218338
0.0008567438,593,191.8,0.007783605,0.5895395,0.21544098854064941,32.99566984176636,62358,191.8,5,0.0029476976,0.004835907
0.0007154357,599,187.55,0.008571975,0.60138476,0.25774264335632324,33.557729721069336,63388,187.55,6,0.0030069237,0.0055650515
0.001018923,605,185.0,0.009324317,0.5918516,0.4065362215042114,34.1006224155426,64472,185.0,6,0.002959258,0.006365059
0.0007560708,610,183.425,0.00776982,0.5740286,0.3109835982322693,34.65500831604004,65409,183.425,5,0.002870143,0.004899677
0.00046058488,615,185.95,0.0069905985,0.5880247,0.11037790775299072,35.21349048614502,66390,185.95,5,0.0029401232,0.0040504755
0.0007172884,620,186.55,0.005243422,0.5824492,0.07822924852371216,35.72146129608154,67390,186.55,5,0.002912246,0.002331176
0.0005189453,626,190.125,0.006472987,0.58529764,0.0030083060264587402,36.26674675941467,68590,190.125,6,0.0029264882,0.0035464992
0.0008688041,631,190.8,0.0059333867,0.5886967,0.0409855842590332,36.8317334651947,69590,190.8,5,0.0029434834,0.0029899033
0.0008526929,636,192.3,0.006137455,0.59364355,0.1817529797554016,37.35976767539978,70590,192.3,5,0.0029682177,0.0031692372
0.0005612848,641,195.95,0.0056006494,0.5758868,0.1274738311767578,37.874274253845215,71590,195.95,5,0.0028794338,0.0027212156
0.0003858913,646,197.95,0.006759949,0.59037185,0.007274031639099121,38.42021155357361,72590,197.95,5,0.0029518593,0.00380809
0.0006396597,651,199.525,0.009420408,0.58063126,0.04178851842880249,38.950350522994995,73590,199.525,5,0.0029031562,0.0065172515
0.0008924471,656,200.0,0.0067759664,0.5896235,0.01690429449081421,39.49634337425232,74590,200.0,5,0.0029481174,0.003827849
0.0008178198,662,198.0,0.007852675,0.5670211,-0.03455209732055664,40.06571888923645,75710,198.0,6,0.0028351054,0.0050175698
0.00073099555,667,198.0,0.0055263913,0.589957,-0.04463911056518555,40.64052987098694,76710,198.0,5,0.002949785,0.0025766063
0.00074821047,672,198.0,0.00688796,0.59786576,0.030598759651184082,41.15004205703735,77710,198.0,5,0.0029893287,0.003898631
0.0006458503,677,198.0,0.006225837,0.59486437,0.06256371736526489,41.695841550827026,78710,198.0,5,0.0029743218,0.003251515
0.0007859773,682,197.375,0.008022895,0.5829211,0.04270124435424805,42.238760232925415,79685,197.375,5,0.0029146054,0.0051082894
0.0003696957,688,197.375,0.0049018133,0.5928854,0.06027883291244507,42.76017355918884,80885,197.375,6,0.0029644268,0.0019373866
0.0006926312,693,197.375,0.0071887113,0.5815293,0.21665704250335693,43.31006360054016,81885,197.375,5,0.0029076466,0.004281065
0.00086541974,698,197.375,0.006587998,0.6028862,0.09363573789596558,43.83500289916992,82885,197.375,5,0.0030144309,0.003573567
0.0008313549,704,195.4,0.010197721,0.5797039,0.06955820322036743,44.36413598060608,83926,195.4,6,0.0028985196,0.0072992016
0.00079841365,709,195.4,0.00737549,0.5901431,0.08789056539535522,44.941189765930176,84926,195.4,5,0.0029507154,0.0044247746
0.00076950353,714,194.575,0.005946592,0.60365784,0.39030683040618896,45.45459818840027,85893,194.575,5,0.003018289,0.0029283029
0.0007052993,720,190.525,0.0077938205,0.56794286,0.019429266452789307,45.967485427856445,86906,190.525,6,0.0028397143,0.004954106
0.0005145367,725,190.525,0.006184928,0.5763898,0.10449916124343872,46.51266407966614,87906,190.525,5,0.0028819488,0.0033029793
0.0007933659,730,190.525,0.0071343677,0.58469397,0.11105352640151978,47.0711236000061,88906,190.525,5,0.0029234698,0.0042108977
0.00080334255,736,190.525,0.0060301563,0.5891285,0.03992795944213867,47.61210083961487,90106,190.525,6,0.0029456425,0.0030845138
0.00067999493,741,194.5,0.0057610674,0.5881704,0.20373117923736572,48.151360750198364,91106,194.5,5,0.002940852,0.0028202152
0.0009061931,746,194.5,0.0068368157,0.59886265,0.2185889482498169,48.67274761199951,92106,194.5,5,0.0029943131,0.0038425026
0.00097386754,751,194.5,0.007635641,0.59936273,0.2173951268196106,49.23277997970581,93106,194.5,5,0.0029968135,0.0046388274
0.0007273626,756,195.325,0.0060198363,0.58802116,0.11168479919433594,49.803730487823486,94106,195.325,5,0.0029401057,0.0030797306
0.0007229226,761,200.0,0.0062707094,0.6086091,0.1248406171798706,50.37062907218933,95106,200.0,5,0.0030430453,0.003227664
0.0009608753,768,193.7,0.010744709,0.5747622,0.31550347805023193,50.91242241859436,96254,193.7,7,0.0028738112,0.007870898
0.00081797584,773,193.6,0.0053557716,0.6023433,0.2565183639526367,51.44707655906677,97250,193.6,5,0.0030117165,0.002344055
0.0006973853,778,193.6,0.006625761,0.59149265,0.17946112155914307,51.945481061935425,98250,193.6,5,0.0029574633,0.0036682975
0.00074191135,783,190.65,0.0065336023,0.590256,0.19534903764724731,52.4494903087616,99132,190.65,5,0.0029512797,0.0035823225
0.00085302244,789,190.65,0.007072049,0.5959142,0.41644948720932007,53.007776498794556,100332,190.65,6,0.0029795708,0.0040924787
