entropy,ev_tdlam_before,EpRewMean,optimgain,surrgain,TimestepsSoFar,EpLenMean,TimeElapsed,EpThisIter,entloss,meankl,EpisodesSoFar
0.69227946,0.0037245750427246094,20.7,0.0071576047,0.0071576047,1014,20.7,0.7922670841217041,48,0.0,0.0008404645,48
0.68955815,0.020442664623260498,24.425,0.0072199865,0.0072199865,2037,24.425,1.438974380493164,41,0.0,0.0009927845,89
0.6852675,0.00130540132522583,28.125,0.00776852,0.00776852,3068,28.125,2.1172821521759033,38,0.0,0.0010342755,127
0.67908204,0.011327862739562988,26.875,0.007762513,0.007762513,4088,26.875,2.7525644302368164,36,0.0,0.0010052238,163
0.67386425,0.04107379913330078,34.1,0.008601271,0.008601271,5118,34.1,3.409630537033081,28,0.0,0.0009580924,191
0.66845095,0.0704876184463501,37.75,0.007555634,0.007555634,6138,37.75,4.060654401779175,25,0.0,0.00087036646,216
0.65560436,0.12343078851699829,40.05,0.008043414,0.008043414,7162,40.05,4.70981240272522,28,0.0,0.0009452969,244
0.6471784,0.14203810691833496,38.175,0.007921042,0.007921042,8187,38.175,5.384863376617432,22,0.0,0.0009848189,266
0.6339574,0.17581194639205933,49.775,0.008982239,0.008982239,9189,49.775,6.047019004821777,19,0.0,0.0009687813,285
0.62648404,0.07244473695755005,54.775,0.00900007,0.00900007,10233,54.775,6.753138303756714,18,0.0,0.0009286216,303
0.63683915,0.05015510320663452,69.7,0.0050533176,0.0050533176,11105,69.7,7.363295793533325,6,0.0,0.0006440423,309
0.6179222,0.08581984043121338,83.275,0.0061048344,0.0061048344,12252,83.275,8.024393320083618,11,0.0,0.00097235397,320
0.61219406,0.15480434894561768,97.125,0.007066599,0.007066599,13299,97.125,8.659048795700073,9,0.0,0.00081761484,329
0.608691,0.24844461679458618,110.075,0.005760014,0.005760014,14296,110.075,9.290399551391602,7,0.0,0.0006589398,336
0.6147128,0.3742592930793762,127.6,0.0055359444,0.0055359444,15326,127.6,9.97625470161438,6,0.0,0.00076326984,342
0.60654575,0.29755979776382446,126.8,0.004939791,0.004939791,16377,126.8,10.659173250198364,8,0.0,0.00073265936,350
0.60658133,0.49878400564193726,134.625,0.004227848,0.004227848,17330,134.625,11.333914995193481,7,0.0,0.00048743174,357
0.6183232,0.5727942585945129,143.575,0.005208482,0.005208482,18426,143.575,11.996168851852417,6,0.0,0.0007489278,363
0.58624125,0.3279157876968384,150.775,0.0061456375,0.0061456375,19330,150.775,12.648584127426147,6,0.0,0.00074374303,369
0.59142506,0.3413183093070984,156.85,0.00411587,0.00411587,20445,156.85,13.325727462768555,6,0.0,0.0006801052,375
0.5758941,0.3447487950325012,154.325,0.0077412687,0.0077412687,21397,154.325,13.983642578125,6,0.0,0.0007240081,381
0.57772076,0.7879178673028946,164.125,0.0054094307,0.0054094307,22344,164.125,14.663753509521484,5,0.0,0.00056853285,386
0.5760281,0.4212450385093689,171.9,0.004031444,0.004031444,23533,171.9,15.336064577102661,6,0.0,0.0008357904,392
0.58956295,0.38250523805618286,179.975,0.0025986668,0.0025986668,24529,179.975,16.032875776290894,5,0.0,0.0008277264,397
0.56997645,0.2642711400985718,180.95,0.0031309333,0.0031309333,25502,180.95,16.670146942138672,5,0.0,0.00066416676,402
0.58400977,0.6999608278274536,186.65,0.0038678462,0.0038678462,26502,186.65,17.28935432434082,5,0.0,0.0007131133,407
0.58043003,0.26036733388900757,190.175,0.00354918,0.00354918,27502,190.175,17.998247623443604,5,0.0,0.0008039068,412
0.5879965,0.5690461993217468,193.025,0.0032589736,0.0032589736,28502,193.025,18.671169757843018,5,0.0,0.0007882183,417
0.5952125,0.4294240474700928,197.625,0.0025318302,0.0025318302,29502,197.625,19.34110999107361,5,0.0,0.0007486172,422
0.59180224,0.5091241300106049,198.95,0.0030289139,0.0030289139,30702,198.95,20.003682613372803,6,0.0,0.00072520087,428
0.58152425,0.7778056859970093,199.225,0.004312992,0.004312992,31702,199.225,20.66588807106018,5,0.0,0.0007136747,433
0.5928562,0.21584683656692505,199.325,0.0029924028,0.0029924028,32702,199.325,21.33984684944153,5,0.0,0.00062477,438
0.58859825,0.6607644259929657,198.125,0.004256453,0.004256453,33627,198.125,22.013638257980347,5,0.0,0.00089536986,443
0.5986991,0.44063806533813477,198.125,0.0029517333,0.0029517333,34627,198.125,22.659602403640747,5,0.0,0.0009528993,448
0.59282625,0.43601059913635254,194.125,0.00773236,0.00773236,35667,194.125,23.343141794204712,6,0.0,0.00047601562,454
0.6013888,0.44026297330856323,193.95,0.0037663255,0.0037663255,36860,193.95,23.966552734375,6,0.0,0.0006477542,460
0.5795334,-0.01655280590057373,193.325,0.0040946533,0.0040946533,37835,193.325,24.62274694442749,5,0.0,0.00082341855,465
0.59516543,0.4490596055984497,192.95,0.0027651573,0.0027651573,38820,192.95,25.25380039215088,5,0.0,0.0006123793,470
0.5738342,0.49068570137023926,192.5,0.0032400445,0.0032400445,39802,192.5,26.041385650634766,5,0.0,0.00068208034,475
0.5758406,0.6485152840614319,193.275,0.0021366042,0.0021366042,40798,193.275,26.724018573760986,5,0.0,0.0007083083,480
0.58045954,0.7061564922332764,193.75,0.0041811154,0.0041811154,41977,193.75,27.39275360107422,6,0.0,0.0007668304,486
0.58638394,0.5894205570220947,196.05,0.0037562535,0.0037562535,42909,196.05,28.068735599517822,5,0.0,0.00046165375,491
0.59018576,0.6180707514286041,195.425,0.0034736663,0.0034736663,43884,195.425,28.697290897369385,5,0.0,0.0006659826,496
0.5857498,0.8019746541976929,192.75,0.0034495897,0.0034495897,44967,192.75,29.326446056365967,6,0.0,0.000567598,502
0.6017151,0.27976930141448975,193.225,0.0034169895,0.0034169895,45964,193.225,29.983829498291016,5,0.0,0.0007377836,507
0.5824523,0.45301342010498047,192.0,0.006763826,0.006763826,47100,192.0,30.64503026008606,6,0.0,0.0007012257,513
0.5914948,0.5798977613449097,191.4,0.0028518096,0.0028518096,48054,191.4,31.34548568725586,5,0.0,0.00081209786,518
0.5826889,0.13180196285247803,186.025,0.005358372,0.005358372,49039,186.025,32.00058698654175,6,0.0,0.0007752059,524
0.5982859,0.31941962242126465,188.25,0.002546981,0.002546981,50039,188.25,32.64133834838867,5,0.0,0.00062480464,529
0.60789657,0.8547633141279221,188.15,0.0024536191,0.0024536191,51010,188.15,33.299416065216064,5,0.0,0.0006896944,534
0.6052985,0.715314120054245,187.425,0.0025560276,0.0025560276,52122,187.425,33.99785137176514,6,0.0,0.00080344104,540
0.61589,0.8492876589298248,185.775,0.00278676,0.00278676,53195,185.775,34.68134355545044,6,0.0,0.00082001206,546
0.5937101,0.6945409774780273,183.775,0.005861586,0.005861586,54251,183.775,35.36401987075806,6,0.0,0.00081863446,552
0.5692338,0.29047131538391113,184.325,0.0054263277,0.0054263277,55251,184.325,36.046377420425415,5,0.0,0.0006891972,557
0.5830463,0.5031746327877045,185.875,0.0023009386,0.0023009386,56236,185.875,36.7166690826416,5,0.0,0.0005552224,562
0.59492075,0.7241432368755341,189.875,0.0070635793,0.0070635793,57234,189.875,37.38808274269104,5,0.0,0.00077773666,567
0.5861509,0.4338383674621582,190.6,0.003176358,0.003176358,58234,190.6,38.07690787315369,5,0.0,0.00075224426,572
0.5861554,0.6602953374385834,191.6,0.0037936096,0.0037936096,59234,191.6,38.794201135635376,5,0.0,0.0008474842,577
0.58272004,0.33209770917892456,193.6,0.0057469243,0.0057469243,60402,193.6,39.48470091819763,6,0.0,0.0008293262,583
0.58831656,0.1852799654006958,195.45,0.0047000838,0.0047000838,61402,195.45,40.10914468765259,5,0.0,0.0008044896,588
0.5895901,0.3856077790260315,198.775,0.002615882,0.002615882,62402,198.775,40.72360610961914,5,0.0,0.00060494454,593
0.5776891,0.3208443522453308,199.15,0.00422425,0.00422425,63402,199.15,41.38600039482117,5,0.0,0.00075039925,598
0.5634849,0.14539414644241333,196.2,0.0049523683,0.0049523683,64484,196.2,42.01996159553528,6,0.0,0.00094160775,604
0.5508115,0.42434900999069214,192.15,0.0063054482,0.0063054482,65520,192.15,42.67892503738403,6,0.0,0.00067720923,610
0.57063913,0.31961727142333984,192.15,0.003643707,0.003643707,66520,192.15,43.35187792778015,5,0.0,0.0006553094,615
0.5610227,0.48265528678894043,192.15,0.0034503564,0.0034503564,67520,192.15,44.01410436630249,5,0.0,0.00061801984,620
0.5759878,0.47740644216537476,192.95,0.0045752125,0.0045752125,68520,192.95,44.678155183792114,5,0.0,0.0008936556,625
0.5610783,0.8064644634723663,192.95,0.0042777336,0.0042777336,69520,192.95,45.34143877029419,5,0.0,0.00095086894,630
0.58048,0.21067780256271362,192.95,0.0035773516,0.0035773516,70520,192.95,46.007465839385986,5,0.0,0.0008057566,635
0.5642688,0.5155624449253082,192.95,0.0039670044,0.0039670044,71520,192.95,46.650049448013306,5,0.0,0.00069123425,640
0.5613482,0.351823627948761,195.9,0.004839761,0.004839761,72520,195.9,47.3320996761322,5,0.0,0.0007826976,645
0.56997204,0.3311001658439636,200.0,0.006591426,0.006591426,73720,200.0,47.98190951347351,6,0.0,0.0009610219,651
0.57245684,0.8384852856397629,200.0,0.005173632,0.005173632,74720,200.0,48.64202332496643,5,0.0,0.00084437337,656
0.5630075,0.838874951004982,198.625,0.0031942294,0.0031942294,75665,198.625,49.316025495529175,5,0.0,0.00071909546,661
0.5741805,0.7591762691736221,198.625,0.008193969,0.008193969,76665,198.625,50.023526668548584,5,0.0,0.0009359919,666
0.5802171,0.4616732597351074,197.525,0.005931554,0.005931554,77821,197.525,50.68198895454407,6,0.0,0.0010206888,672
0.5652729,0.48751533031463623,194.325,0.0068054604,0.0068054604,78693,194.325,51.38685488700867,5,0.0,0.00065293047,677
0.57138443,0.7296648919582367,194.325,0.009227466,0.009227466,79693,194.325,52.02567458152771,5,0.0,0.0010505401,682
0.57641214,0.5426173210144043,194.325,0.0017999881,0.0017999881,80893,194.325,52.65332627296448,6,0.0,0.0006257726,688
0.56829685,0.24803251028060913,194.325,0.0038968585,0.0038968585,81893,194.325,53.366286277770996,5,0.0,0.00079566153,693
0.5638921,0.566312164068222,194.325,0.0040151044,0.0040151044,82893,194.325,54.01118326187134,5,0.0,0.00073652854,698
0.5602343,0.8050717413425446,195.7,0.004121169,0.004121169,83893,195.7,54.69752383232117,5,0.0,0.00067327695,703
0.5745019,0.34669065475463867,196.8,0.003256553,0.003256553,84893,196.8,55.34762263298035,5,0.0,0.00074267766,708
0.56491506,0.35148340463638306,196.8,0.005750063,0.005750063,85893,196.8,56.017661333084106,5,0.0,0.0008857901,713
0.5550698,0.32398247718811035,200.0,0.0040645166,0.0040645166,86893,200.0,56.6634681224823,5,0.0,0.00075197883,718
0.5732205,0.3170928359031677,200.0,0.0023644892,0.0023644892,87893,200.0,57.33847188949585,5,0.0,0.0008916303,723
0.56538105,0.36602872610092163,200.0,0.0029811105,0.0029811105,88893,200.0,58.01927638053894,5,0.0,0.0006586991,728
0.55768853,0.5105683207511902,200.0,0.004175144,0.004175144,90093,200.0,58.7153046131134,6,0.0,0.0007244786,734
0.5574559,0.701361894607544,200.0,0.003366204,0.003366204,91093,200.0,59.41157293319702,5,0.0,0.00071422267,739
0.5722203,0.24574005603790283,200.0,0.0044486877,0.0044486877,92093,200.0,60.06007742881775,5,0.0,0.00089518033,744
0.55283517,0.2368677854537964,200.0,0.0035573007,0.0035573007,93093,200.0,60.75288534164429,5,0.0,0.0006909138,749
0.5636113,0.2573264241218567,200.0,0.0036449428,0.0036449428,94093,200.0,61.41575217247009,5,0.0,0.0007226959,754
0.5856745,0.3978835344314575,200.0,0.0028350474,0.0028350474,95093,200.0,62.06440472602844,5,0.0,0.0008853484,759
0.5591134,0.5616482794284821,200.0,0.0031778659,0.0031778659,96093,200.0,62.72877645492554,5,0.0,0.00079695415,764
0.5693301,0.2790508270263672,200.0,0.002595098,0.002595098,97093,200.0,63.40733742713928,5,0.0,0.000547966,769
0.5618557,0.34312868118286133,200.0,0.004208688,0.004208688,98293,200.0,64.06410050392151,6,0.0,0.0010727479,775
0.5586138,0.45890694856643677,200.0,0.0042326944,0.0042326944,99293,200.0,64.75659823417664,5,0.0,0.00100547,780
0.5444068,0.009334027767181396,200.0,0.0037540314,0.0037540314,100293,200.0,65.43002414703369,5,0.0,0.00074917317,785
