EpisodesSoFar,TimestepsSoFar,entropy,EpThisIter,surrgain,ev_tdlam_before,entloss,optimgain,meankl,EpLenMean,TimeElapsed,EpRewMean
45,1003,0.6922015,45,0.006758854,-0.007230877876281738,0.0,0.006758854,0.00085360603,22.15,0.6399078369140625,22.15
87,2040,0.6893679,42,0.010722851,0.03089696168899536,0.0,0.010722851,0.0009802022,24.675,1.1711978912353516,24.675
129,3055,0.6846533,42,0.009104159,-0.0003465414047241211,0.0,0.009104159,0.0009682219,24.4,1.7132229804992676,24.4
163,4066,0.68045545,34,0.009762835,0.044256389141082764,0.0,0.009762835,0.0009157558,27.45,2.280900478363037,27.45
197,5094,0.6735227,34,0.009493183,0.054572880268096924,0.0,0.009493183,0.0009959318,30.725,2.8238723278045654,30.725
230,6141,0.664979,33,0.011022739,0.05890554189682007,0.0,0.011022739,0.00092619937,30.6,3.385453462600708,30.6
248,7135,0.66398335,18,0.012852818,0.060339391231536865,0.0,0.012852818,0.0008666624,39.8,3.9899754524230957,39.8
268,8154,0.6512198,20,0.011579195,0.022683918476104736,0.0,0.011579195,0.00096166914,51.45,4.5607922077178955,51.45
289,9200,0.6385722,21,0.010946691,0.047822415828704834,0.0,0.010946691,0.0008748643,50.675,5.097367763519287,50.675
306,10203,0.62984085,17,0.012858776,0.09321480989456177,0.0,0.012858776,0.0010138592,52.225,5.660799026489258,52.225
317,11210,0.63036716,11,0.010191679,0.18986153602600098,0.0,0.010191679,0.0008845201,65.8,6.2384655475616455,65.8
327,12281,0.6218482,10,0.013401918,-0.07085323333740234,0.0,0.013401918,0.0008190626,79.35,6.778056383132935,79.35
338,13298,0.6080724,11,0.008323849,0.0500338077545166,0.0,0.008323849,0.00072795287,89.5,7.403034687042236,89.5
347,14332,0.6085332,9,0.009488819,0.07340997457504272,0.0,0.009488819,0.0007607261,99.9,7.987863063812256,99.9
354,15297,0.6035683,7,0.010171718,0.13892203569412231,0.0,0.010171718,0.0005525592,109.525,8.496800899505615,109.525
360,16204,0.5944369,6,0.012478098,0.10458272695541382,0.0,0.012478098,0.00075811055,116.325,8.999375581741333,116.325
367,17280,0.6059495,7,0.005232299,0.0032444000244140625,0.0,0.005232299,0.0007002437,124.975,9.583132028579712,124.975
373,18284,0.5859884,6,0.006823602,-0.004160523414611816,0.0,0.006823602,0.0007820802,137.4,10.161096811294556,137.4
379,19439,0.5983511,6,0.0058556637,0.06898719072341919,0.0,0.0058556637,0.0008742695,149.325,10.732627868652344,149.325
384,20439,0.6035949,5,0.005312143,-0.0033397674560546875,0.0,0.005312143,0.0006147014,161.675,11.31475567817688,161.675
389,21406,0.59844196,5,0.0047779214,-0.010622143745422363,0.0,0.0047779214,0.0005588683,171.75,11.93549656867981,171.75
395,22440,0.5845156,6,0.0045041116,0.302787721157074,0.0,0.0045041116,0.00076021894,173.575,12.484488248825073,173.575
400,23440,0.5922804,5,0.0067588952,-0.0061566829681396484,0.0,0.0067588952,0.0007285486,180.9,13.0348379611969,180.9
405,24433,0.602111,5,0.005249654,-0.0015685558319091797,0.0,0.005249654,0.00057211844,187.5,13.634742259979248,187.5
411,25565,0.58870757,6,0.004738175,0.3790441155433655,0.0,0.004738175,0.00078976294,187.725,14.19288182258606,187.725
416,26553,0.5794414,5,0.0069914954,-0.003834247589111328,0.0,0.0069914954,0.0008868978,191.975,14.735734462738037,191.975
421,27553,0.58561414,5,0.004040317,-0.0011358261108398438,0.0,0.004040317,0.0008001131,192.85,15.317750215530396,192.85
426,28553,0.59480846,5,0.0037502358,0.005261421203613281,0.0,0.0037502358,0.0005530068,192.85,15.89900827407837,192.85
432,29683,0.57638097,6,0.003965349,7.051229476928711e-05,0.0,0.003965349,0.0006773567,192.25,16.44340467453003,192.25
437,30683,0.5834256,5,0.005962762,-0.0030333995819091797,0.0,0.005962762,0.0008823337,196.075,16.998048067092896,196.075
442,31683,0.59535575,5,0.0022721924,-0.002240896224975586,0.0,0.0022721924,0.0007339921,196.075,17.602057218551636,196.075
447,32683,0.59275407,5,0.0020340346,-0.0020127296447753906,0.0,0.0020340346,0.00082767394,197.15,18.168965578079224,197.15
452,33657,0.5831915,5,0.006152882,-0.0013581514358520508,0.0,0.006152882,0.00056216004,197.3,18.694910764694214,197.3
458,34694,0.568745,6,0.0057077995,-0.00054931640625,0.0,0.0057077995,0.00085879007,193.525,19.19131636619568,193.525
463,35694,0.58984137,5,0.0075431587,-0.0010480880737304688,0.0,0.0075431587,0.0009802392,193.525,19.734532833099365,193.525
468,36680,0.5734104,5,0.00672572,-0.0016584396362304688,0.0,0.00672572,0.0006951039,193.175,20.290473461151123,193.175
474,37880,0.6017673,6,0.0023638178,-0.0013598203659057617,0.0,0.0023638178,0.000717911,194.925,20.87908625602722,194.925
479,38880,0.57513845,5,0.0065410975,-0.0017061233520507812,0.0,0.0065410975,0.00087858835,194.925,21.439969062805176,194.925
484,39879,0.59148276,5,0.004471611,-0.0013712644577026367,0.0,0.004471611,0.0003231912,194.9,22.04229736328125,194.9
489,40879,0.58588827,5,0.0025627902,-0.0011188983917236328,0.0,0.0025627902,0.000648957,195.55,22.605745315551758,195.55
494,41879,0.5755156,5,0.0029706405,-0.0013713836669921875,0.0,0.0029706405,0.0010180583,195.55,23.208702087402344,195.55
499,42879,0.59154445,5,0.0026037795,-0.0013363361358642578,0.0,0.0026037795,0.0008056557,199.625,23.750922679901123,199.625
504,43879,0.5911412,5,0.004401143,-0.001484990119934082,0.0,0.004401143,0.00093323493,199.625,24.30534839630127,199.625
509,44879,0.59749234,5,0.0024797535,-0.0013034343719482422,0.0,0.0024797535,0.0005897506,199.975,24.898606061935425,199.975
515,46079,0.58243096,6,0.0033819145,0.00046706199645996094,0.0,0.0033819145,0.00076293293,199.975,25.4663188457489,199.975
520,47079,0.58699405,5,0.0036298456,-0.001020669937133789,0.0,0.0036298456,0.00086825003,199.975,25.997234344482422,199.975
525,48079,0.5787711,5,0.004976271,-0.00011479854583740234,0.0,0.004976271,0.0008431453,200.0,26.574527978897095,200.0
530,49079,0.57952106,5,0.0083287135,-0.0007989406585693359,0.0,0.0083287135,0.00072084664,200.0,27.10795307159424,200.0
535,50079,0.59373844,5,0.0031573642,-0.0005286931991577148,0.0,0.0031573642,0.0005823139,200.0,27.611840963363647,200.0
540,51079,0.5796877,5,0.0047957795,-0.0008292198181152344,0.0,0.0047957795,0.0008959279,200.0,28.142273426055908,200.0
545,52079,0.58777595,5,0.004067948,-0.0008429288864135742,0.0,0.004067948,0.00091644283,200.0,28.690265893936157,200.0
550,53079,0.5823645,5,0.0036189542,-9.679794311523438e-05,0.0,0.0036189542,0.00063220435,200.0,29.20638608932495,200.0
555,54079,0.5936107,5,0.0032391152,-0.0003973245620727539,0.0,0.0032391152,0.0006322188,200.0,29.776243448257446,200.0
561,55173,0.5810395,6,0.0066868663,-0.00063323974609375,0.0,0.0066868663,0.0007215703,197.35,30.300771951675415,197.35
566,56173,0.5997708,5,0.003110867,0.002023756504058838,0.0,0.003110867,0.0006706639,197.35,30.786621809005737,197.35
571,57173,0.59604365,5,0.003013146,6.139278411865234e-05,0.0,0.003013146,0.0008626006,197.35,31.348044395446777,197.35
577,58311,0.59168863,6,0.0043745125,0.016026794910430908,0.0,0.0043745125,0.00078719424,195.8,31.903451204299927,195.8
582,59311,0.5993494,5,0.0029455265,0.03052067756652832,0.0,0.0029455265,0.0007172572,195.8,32.42438292503357,195.8
587,60311,0.5813595,5,0.004864381,0.5925785005092621,0.0,0.004864381,0.0004825677,195.8,32.9702033996582,195.8
592,61273,0.6050528,5,0.004720654,0.04361093044281006,0.0,0.004720654,0.000705551,194.85,33.496153593063354,194.85
597,62273,0.60537845,5,0.003349997,0.21751940250396729,0.0,0.003349997,0.00072641554,194.85,34.014899492263794,194.85
603,63473,0.5969461,6,0.0024995534,-0.006377696990966797,0.0,0.0024995534,0.0003939863,197.5,34.573604583740234,197.5
608,64473,0.5968152,5,0.0041655716,0.7948066145181656,0.0,0.0041655716,0.0004116854,197.5,35.13043260574341,197.5
613,65391,0.5961411,5,0.0039490815,0.6530855000019073,0.0,0.0039490815,0.00048359056,195.45,35.64164137840271,195.45
618,66364,0.58766925,5,0.006147084,0.7316240966320038,0.0,0.006147084,0.0007642661,196.325,36.18831491470337,196.325
624,67539,0.6031163,6,0.0081259385,0.717368483543396,0.0,0.0081259385,0.0005563994,195.7,36.72870588302612,195.7
629,68495,0.5939091,5,0.009016562,0.8849983662366867,0.0,0.009016562,0.0008809535,194.6,37.26088857650757,194.6
634,69495,0.59852064,5,0.006650756,0.32019203901290894,0.0,0.006650756,0.00072893803,195.55,37.81901502609253,195.55
640,70588,0.6015711,6,0.007716312,0.6586633324623108,0.0,0.007716312,0.00088799436,192.875,38.34742212295532,192.875
645,71581,0.5962678,5,0.0061616357,0.829445019364357,0.0,0.0061616357,0.00062026427,192.7,38.891377210617065,192.7
650,72576,0.6040727,5,0.0058035767,0.7201033532619476,0.0,0.0058035767,0.00081488426,194.625,39.433069944381714,194.625
656,73701,0.59144485,6,0.0064455746,-0.003601551055908203,0.0,0.0064455746,0.0005923789,193.425,39.99690341949463,193.425
661,74629,0.59344965,5,0.0048701735,0.2962040901184082,0.0,0.0048701735,0.00065771386,192.25,40.55060005187988,192.25
666,75629,0.60135484,5,0.004423149,0.6700836718082428,0.0,0.004423149,0.0009154178,192.9,41.11943244934082,192.9
671,76629,0.58646774,5,0.0048049386,0.03993344306945801,0.0,0.0048049386,0.00074354827,193.35,41.633747816085815,193.35
677,77818,0.5873482,6,0.006353548,0.0050185322761535645,0.0,0.006353548,0.00060908037,193.85,42.151169776916504,193.85
682,78797,0.59285855,5,0.0044992855,0.13224369287490845,0.0,0.0044992855,0.0009114916,195.4,42.72658729553223,195.4
687,79797,0.59950256,5,0.0050303163,-0.005897164344787598,0.0,0.0050303163,0.0007953782,195.4,43.29902982711792,195.4
692,80797,0.57827634,5,0.0037861583,-0.0041931867599487305,0.0,0.0037861583,0.0009367205,196.25,43.849457025527954,196.25
697,81744,0.58471775,5,0.004637057,-0.0012423992156982422,0.0,0.004637057,0.0007462809,197.875,44.37142610549927,197.875
703,82832,0.5755048,6,0.008879199,0.1437041163444519,0.0,0.008879199,0.00076015154,195.075,44.94251465797424,195.075
708,83832,0.5799717,5,0.00527267,-0.0010595321655273438,0.0,0.00527267,0.0005039913,195.075,45.50161027908325,195.075
713,84832,0.58246726,5,0.003933681,0.0015386343002319336,0.0,0.003933681,0.0007545923,195.075,46.02734851837158,195.075
718,85832,0.59154534,5,0.0041180695,0.0012308359146118164,0.0,0.0041180695,0.00079738843,195.35,46.61150527000427,195.35
724,87032,0.5875133,6,0.0042762044,0.007451951503753662,0.0,0.0042762044,0.00045444648,195.875,47.190059185028076,195.875
729,88032,0.58934855,5,0.0031499248,0.08594745397567749,0.0,0.0031499248,0.0004776575,195.875,47.72780632972717,195.875
734,89032,0.5991001,5,0.0029910249,0.02137857675552368,0.0,0.0029910249,0.00067726435,195.9,48.28098392486572,195.9
739,90032,0.57912827,5,0.0076426566,0.19054436683654785,0.0,0.0076426566,0.001010482,197.2,48.85029721260071,197.2
744,91032,0.57788366,5,0.004725219,0.38204360008239746,0.0,0.004725219,0.00066895405,200.0,49.388843297958374,200.0
749,92032,0.58416337,5,0.0022786325,0.3965771794319153,0.0,0.0022786325,0.0004578191,200.0,49.96060824394226,200.0
754,93032,0.58905756,5,0.0033250125,0.8027215600013733,0.0,0.0033250125,0.0007953524,200.0,50.516485929489136,200.0
759,94032,0.5903051,5,0.004006319,0.9408941604197025,0.0,0.004006319,0.00076603657,200.0,51.09412956237793,200.0
765,95232,0.5871562,6,0.0060499227,0.731198787689209,0.0,0.0060499227,0.0008574631,200.0,51.63883447647095,200.0
770,96232,0.5759449,5,0.0031018364,0.6660824716091156,0.0,0.0031018364,0.0006997041,200.0,52.18193817138672,200.0
775,97232,0.5860294,5,0.0037765186,0.7409833371639252,0.0,0.0037765186,0.00089270447,200.0,52.701897621154785,200.0
780,98190,0.5622077,5,0.003637948,0.8346802145242691,0.0,0.003637948,0.00040738718,198.95,53.2404248714447,198.95
786,99281,0.56034815,6,0.0045686257,0.6183912456035614,0.0,0.0045686257,0.00061765895,196.225,53.822601318359375,196.225
791,100281,0.57488286,5,0.005168153,0.8171571046113968,0.0,0.005168153,0.0007748378,196.225,54.38452768325806,196.225
