entropy,meankl,entloss,EpRewMean,EpThisIter,ev_tdlam_before,EpisodesSoFar,TimestepsSoFar,surrgain,EpLenMean,optimgain,TimeElapsed
0.69224304,0.00090463355,0.0,24.575,40,-0.005806922912597656,40,983,0.0054698945,24.575,0.0054698945,0.6464266777038574
0.68971086,0.00097871,0.0,28.1,37,-0.017750859260559082,77,2047,0.006952927,28.1,0.006952927,1.1709492206573486
0.6844425,0.0010455563,0.0,23.175,43,-0.01358020305633545,120,3061,0.0078045214,23.175,0.0078045214,1.7079739570617676
0.68027073,0.0009478844,0.0,28.7,32,-0.010702967643737793,152,4062,0.008123708,28.7,0.008123708,2.2778055667877197
0.67402244,0.000973994,0.0,33.925,29,0.03276771306991577,181,5118,0.009464631,33.925,0.009464631,2.813239812850952
0.66521996,0.00089007826,0.0,38.45,25,0.01115107536315918,206,6128,0.008579282,38.45,0.008579282,3.3615245819091797
0.6562451,0.0009389088,0.0,42.325,23,0.006834149360656738,229,7131,0.008885213,42.325,0.008885213,3.9572131633758545
0.6527066,0.0009472902,0.0,50.475,18,0.009459376335144043,247,8182,0.008572038,50.475,0.008572038,4.490578651428223
0.6473391,0.00095106463,0.0,59.4,13,0.01364213228225708,260,9092,0.007537633,59.4,0.007537633,5.029145240783691
0.63589305,0.00094631506,0.0,73.65,12,-0.0010933876037597656,272,10228,0.007239418,73.65,0.007239418,5.596932888031006
0.62509394,0.000833241,0.0,80.05,12,0.006226658821105957,284,11249,0.00869245,80.05,0.00869245,6.1504833698272705
0.6280596,0.0009374722,0.0,91.025,8,-0.0013668537139892578,292,12279,0.0051909606,91.025,0.0051909606,6.680413246154785
0.61743844,0.00077744585,0.0,105.45,7,-0.0005681514739990234,299,13299,0.00525862,105.45,0.00525862,7.236852169036865
0.6014254,0.0009087777,0.0,116.125,7,0.0013346672058105469,306,14281,0.0057461904,116.125,0.0057461904,7.779438018798828
0.59779596,0.0008002499,0.0,121.8,7,0.009122788906097412,313,15196,0.0052263504,121.8,0.0052263504,8.305428266525269
0.60437346,0.00080028013,0.0,133.65,6,0.014113783836364746,319,16214,0.007818315,133.65,0.007818315,8.899391651153564
0.6029763,0.00057020265,0.0,144.825,7,0.024491727352142334,326,17315,0.0058512534,144.825,0.0058512534,9.477791786193848
0.58661634,0.0008709482,0.0,151.275,6,0.21203488111495972,332,18330,0.006543095,151.275,0.006543095,10.017115592956543
0.58453476,0.000766368,0.0,156.525,6,0.1533501148223877,338,19360,0.005783112,156.525,0.005783112,10.59341311454773
0.5869952,0.000662468,0.0,164.0,5,0.0074422359466552734,343,20360,0.0052572303,164.0,0.0052572303,11.119954347610474
0.5900359,0.00048068858,0.0,170.975,6,0.02222234010696411,349,21448,0.005070243,170.975,0.005070243,11.642148971557617
0.57920325,0.00067103433,0.0,176.675,5,0.06496292352676392,354,22448,0.005114231,176.675,0.005114231,12.15416145324707
0.578562,0.0007366057,0.0,180.85,5,0.01101154088973999,359,23448,0.003844526,180.85,0.003844526,12.748234272003174
0.59316313,0.0008214158,0.0,185.325,5,0.10895669460296631,364,24448,0.002995031,185.325,0.002995031,13.266508102416992
0.59220314,0.0004597525,0.0,188.375,5,0.01838517189025879,369,25448,0.002411597,188.375,0.002411597,13.83408236503601
0.5868312,0.0005371094,0.0,196.075,5,0.22862666845321655,374,26437,0.0029278446,196.075,0.0029278446,14.428494930267334
0.5953469,0.00089192146,0.0,194.025,6,0.16925549507141113,380,27521,0.0048749847,194.025,0.0048749847,14.997809886932373
0.59108657,0.0007971969,0.0,194.025,5,0.0009046196937561035,385,28521,0.0033065076,194.025,0.0033065076,15.482875108718872
0.5930608,0.00069782004,0.0,195.95,6,0.09737652540206909,391,29686,0.00429844,195.95,0.00429844,16.07016634941101
0.5928846,0.0004915177,0.0,195.525,5,0.012588202953338623,396,30669,0.005722654,195.525,0.005722654,16.600539684295654
0.5753317,0.000542542,0.0,195.075,5,0.15212446451187134,401,31651,0.0056561665,195.075,0.0056561665,17.120062112808228
0.5797772,0.00060803955,0.0,193.425,5,0.13063830137252808,406,32585,0.00472847,193.425,0.00472847,17.71008539199829
0.57146597,0.0007122528,0.0,187.75,7,0.016940176486968994,413,33751,0.0076503293,187.75,0.0076503293,18.27485203742981
0.58717453,0.0005686939,0.0,189.75,5,0.059321045875549316,418,34734,0.0032306293,189.75,0.0032306293,18.78623080253601
0.5771452,0.000682927,0.0,185.575,6,0.11373662948608398,424,35744,0.0056226365,185.575,0.0056226365,19.34896206855774
0.5823006,0.00087843137,0.0,184.8,5,0.018519163131713867,429,36683,0.0044390485,184.8,0.0044390485,19.93888282775879
0.5816808,0.000673847,0.0,182.675,6,0.13884705305099487,435,37792,0.0047717066,182.675,0.0047717066,20.4455087184906
0.5827588,0.0004956533,0.0,183.125,5,0.12394964694976807,440,38776,0.002833255,183.125,0.002833255,20.98671245574951
0.5724491,0.0007892235,0.0,183.125,5,0.005463898181915283,445,39776,0.005517048,183.125,0.005517048,21.523013591766357
0.5596333,0.0007015222,0.0,188.625,5,0.07255399227142334,450,40776,0.00552966,188.625,0.00552966,22.01892399787903
0.5799523,0.00063839194,0.0,190.775,6,0.10708338022232056,456,41965,0.0033760732,190.775,0.0033760732,22.516889810562134
0.5801061,0.00063639076,0.0,191.025,5,0.0028792619705200195,461,42965,0.004235712,191.025,0.004235712,23.051650285720825
0.5603264,0.00094930845,0.0,195.525,5,0.002151787281036377,466,43965,0.0053162687,195.525,0.0053162687,23.56723952293396
0.56260276,0.0008407626,0.0,196.275,5,0.13720929622650146,471,44933,0.0050243563,196.275,0.0050243563,24.13505268096924
0.5750279,0.00071970955,0.0,198.125,5,0.11578059196472168,476,45906,0.0041047633,198.125,0.0041047633,24.724875926971436
0.57797647,0.00066210993,0.0,197.95,6,0.05686914920806885,482,47094,0.002324996,197.95,0.002324996,25.26526951789856
0.5653984,0.0005168595,0.0,197.0,5,0.2329500913619995,487,48056,0.0063542225,197.0,0.0063542225,25.813339233398438
0.58375716,0.000501932,0.0,196.1,5,0.05376541614532471,492,49020,0.004532634,196.1,0.004532634,26.413204431533813
0.5865661,0.0007713451,0.0,196.225,5,0.2158234715461731,497,50014,0.004361296,196.225,0.004361296,26.96339702606201
0.5982237,0.00064084755,0.0,196.225,5,0.1984996795654297,502,51014,0.003787351,196.225,0.003787351,27.50158166885376
0.5941438,0.00057552656,0.0,196.025,6,0.09619003534317017,508,52174,0.0035672814,196.025,0.0035672814,28.10021734237671
0.5850256,0.0007237458,0.0,195.625,5,0.07908201217651367,513,53131,0.0055575324,195.625,0.0055575324,28.63930606842041
0.5745571,0.0008189043,0.0,190.825,6,0.21920478343963623,519,54127,0.0076041413,190.825,0.0076041413,29.17669987678528
0.58514905,0.0006068364,0.0,191.25,5,0.4856623411178589,524,55123,0.0064705703,191.25,0.0064705703,29.680100917816162
0.6011108,0.0007820666,0.0,191.675,5,0.2001630663871765,529,56123,0.0028723178,191.675,0.0028723178,30.221067428588867
0.58825177,0.0007649782,0.0,192.55,6,0.026991724967956543,535,57316,0.0066493955,192.55,0.0066493955,30.747839212417603
0.5955547,0.00076867815,0.0,192.55,5,0.011737585067749023,540,58316,0.0034304257,192.55,0.0034304257,31.281453847885132
0.58904755,0.0006539254,0.0,189.7,6,0.12846243381500244,546,59362,0.0076376805,189.7,0.0076376805,31.78013563156128
0.59071517,0.00082406856,0.0,187.6,5,0.10381531715393066,551,60278,0.0062575685,187.6,0.0062575685,32.315911054611206
0.580909,0.00055988383,0.0,188.275,6,0.028661608695983887,557,61258,0.004641436,188.275,0.004641436,32.878960847854614
0.58907473,0.00080393464,0.0,188.375,6,0.12689632177352905,563,62458,0.0047819014,188.375,0.0047819014,33.37563967704773
0.5925432,0.0008161099,0.0,188.375,5,0.20958739519119263,568,63458,0.0051166257,188.375,0.0051166257,33.90532636642456
0.59057677,0.0007284346,0.0,186.35,5,0.17035120725631714,573,64370,0.006333306,186.35,0.006333306,34.39359998703003
0.58009005,0.0007615637,0.0,186.15,5,0.09993958473205566,578,65362,0.005837265,186.15,0.005837265,34.897583961486816
0.5619143,0.0007563506,0.0,187.275,6,0.33924347162246704,584,66529,0.002978543,187.275,0.002978543,35.46504282951355
0.56380975,0.0008930622,0.0,189.9,5,0.5017909407615662,589,67529,0.005109496,189.9,0.005109496,35.994991302490234
0.5547829,0.0007609752,0.0,189.05,5,0.23929357528686523,594,68440,0.0063165007,189.05,0.0063165007,36.534992694854736
0.5618995,0.0006368757,0.0,194.55,5,0.19412046670913696,599,69440,0.0048432597,194.55,0.0048432597,37.10989499092102
0.55474496,0.000885423,0.0,192.525,6,0.13463640213012695,605,70559,0.0059820022,192.525,0.0059820022,37.64909505844116
0.5682531,0.00081689167,0.0,193.875,5,0.5852300822734833,610,71525,0.004347231,193.875,0.004347231,38.16686224937439
0.56275636,0.0005844281,0.0,194.075,5,0.20998996496200562,615,72525,0.0037114988,194.075,0.0037114988,38.71069025993347
0.56606185,0.000676633,0.0,194.075,6,0.4009642004966736,621,73725,0.0036915014,194.075,0.0036915014,39.26862835884094
0.5670389,0.0008543504,0.0,194.9,5,0.20458900928497314,626,74725,0.0034775184,194.9,0.0034775184,39.784213066101074
0.5532876,0.00068965077,0.0,194.9,5,0.2587887644767761,631,75725,0.0016486743,194.9,0.0016486743,40.348559617996216
0.5736994,0.00082052394,0.0,197.125,5,0.4750346541404724,636,76725,0.0035337857,197.125,0.0035337857,40.880910873413086
0.57210326,0.00076547754,0.0,197.125,5,0.3667528033256531,641,77725,0.0042553293,197.125,0.0042553293,41.450510025024414
0.5688832,0.00081573625,0.0,195.7,6,-0.19329845905303955,647,78753,0.0064421985,195.7,0.0064421985,42.00860524177551
0.5763398,0.0006892332,0.0,193.575,6,0.058580219745635986,653,79868,0.004126676,193.575,0.004126676,42.54809284210205
0.57396793,0.00072951295,0.0,193.575,5,0.2853693962097168,658,80868,0.0034541006,193.575,0.0034541006,43.10855555534363
0.5726343,0.00063405355,0.0,193.575,5,0.10866761207580566,663,81868,0.004657992,193.575,0.004657992,43.64258122444153
0.5675869,0.0004498078,0.0,193.575,5,0.3642922639846802,668,82868,0.0034648557,193.575,0.0034648557,44.17284822463989
0.57854664,0.0007097243,0.0,193.575,5,0.3322504758834839,673,83868,0.0028902444,193.575,0.0028902444,44.69772219657898
0.55506533,0.000651925,0.0,192.15,5,0.33356010913848877,678,84811,0.0059981644,192.15,0.0059981644,45.20649290084839
0.57351524,0.0007948372,0.0,192.125,6,0.1310597062110901,684,85982,0.0042182803,192.125,0.0042182803,45.771811962127686
0.5484429,0.0005539189,0.0,194.5,5,0.43407851457595825,689,86933,0.0046726954,194.5,0.0046726954,46.30128765106201
0.5589584,0.0005318936,0.0,196.625,5,0.45010483264923096,694,87933,0.0022436625,196.625,0.0022436625,46.85866737365723
0.5692178,0.0007216922,0.0,195.3,6,0.05449908971786499,700,89080,0.0056395135,195.3,0.0056395135,47.422903060913086
0.59316885,0.0008240921,0.0,195.3,5,0.23754090070724487,705,90080,0.0037456937,195.3,0.0037456937,47.9603226184845
0.5860125,0.0005079254,0.0,195.3,5,0.44575363397598267,710,91080,0.0023933682,195.3,0.0023933682,48.484254598617554
0.59295714,0.0008801253,0.0,196.725,5,0.4112354516983032,715,92080,0.0044129957,196.725,0.0044129957,49.03399872779846
0.575628,0.00061413203,0.0,196.725,5,0.3050673007965088,720,93080,0.0036263044,196.725,0.0036263044,49.61112356185913
0.59355843,0.00074023625,0.0,197.45,5,0.30497342348098755,725,94080,0.0036236248,197.45,0.0036236248,50.12746715545654
0.57041574,0.00071553705,0.0,198.675,5,0.5311769247055054,730,95080,0.0050539197,198.675,0.0050539197,50.70522856712341
0.5787667,0.00084389606,0.0,193.65,7,0.3663230538368225,737,96226,0.010272634,193.65,0.010272634,51.27314567565918
0.5658694,0.0006881164,0.0,193.65,5,0.465051531791687,742,97226,0.003012968,193.65,0.003012968,51.797075033187866
0.59568655,0.0005007372,0.0,193.65,5,0.4633764624595642,747,98226,0.0021709763,193.65,0.0021709763,52.32677245140076
0.5769109,0.0005584307,0.0,193.65,5,0.3979839086532593,752,99226,0.0036718117,193.65,0.0036718117,52.8727662563324
0.58588326,0.00071135315,0.0,193.2,5,0.5267128944396973,757,100208,0.0037751738,193.2,0.0037751738,53.37272572517395
