TimeElapsed,surrgain,EpThisIter,TimestepsSoFar,meankl,entropy,EpisodesSoFar,optimgain,ev_tdlam_before,EpRewMean,entloss,EpLenMean
0.6673109531402588,0.009224772,46,990,0.0010212616,0.69206333,46,0.009224772,-0.00020682811737060547,21.125,0.0,21.125
1.2095975875854492,0.008597102,43,2040,0.0010200501,0.689186,89,0.008597102,-0.0003197193145751953,23.975,0.0,23.975
1.7422306537628174,0.009146903,43,3059,0.00093076203,0.68450284,132,0.009146903,0.0015117526054382324,24.375,0.0,24.375
2.316079616546631,0.007055288,32,4002,0.0009369778,0.6796174,164,0.007055288,0.0006304383277893066,28.175,0.0,28.175
2.8213372230529785,0.009956127,32,5120,0.0009514008,0.6737203,196,0.009956127,0.0015916228294372559,32.175,0.0,32.175
3.377068281173706,0.007990302,25,6120,0.00093626324,0.66724044,221,0.007990302,-0.0003744363784790039,35.6,0.0,35.6
3.9484453201293945,0.008090958,22,7118,0.000885817,0.6554699,243,0.008090958,0.0008386969566345215,43.775,0.0,43.775
4.484131097793579,0.006363393,19,8121,0.0008566822,0.6488985,262,0.006363393,-3.933906555175781e-06,48.725,0.0,48.725
5.029768943786621,0.0062313727,14,9199,0.0008628893,0.64496034,276,0.0062313727,0.00083160400390625,56.575,0.0,56.575
5.627813816070557,0.007611573,16,10236,0.00088138226,0.64016527,292,0.007611573,0.00038874149322509766,68.675,0.0,68.675
6.1772119998931885,0.00556981,10,11183,0.00086069864,0.64030623,302,0.00556981,0.002602875232696533,76.55,0.0,76.55
6.710294246673584,0.0071223634,11,12233,0.0009210558,0.6164284,313,0.0071223634,-0.0009769201278686523,81.05,0.0,81.05
7.3034279346466064,0.006369467,9,13282,0.0008820491,0.61626446,322,0.006369467,-0.001696944236755371,88.15,0.0,88.15
7.8595240116119385,0.0057929745,8,14163,0.00083725504,0.5931057,330,0.0057929745,-0.0013670921325683594,100.075,0.0,100.075
8.412176609039307,0.007515869,6,15270,0.0007515594,0.61917335,336,0.007515869,0.003722846508026123,114.675,0.0,114.675
8.915981769561768,0.0048996517,6,16211,0.0006518251,0.6066741,342,0.0048996517,-0.008073210716247559,125.7,0.0,125.7
9.454845190048218,0.0055407374,7,17354,0.00074236566,0.61744964,349,0.0055407374,-0.0019980669021606445,138.025,0.0,138.025
9.97303557395935,0.0041673286,6,18423,0.00051100214,0.61091423,355,0.0041673286,0.0031608939170837402,148.35,0.0,148.35
10.459019660949707,0.004107124,5,19378,0.0007317372,0.6174071,360,0.004107124,0.0015105009078979492,155.25,0.0,155.25
10.965885162353516,0.0055478127,6,20371,0.0007918179,0.62231994,366,0.0055478127,-0.004128694534301758,163.5,0.0,163.5
11.466357946395874,0.004138641,7,21428,0.0006523393,0.6057943,373,0.004138641,-0.0024434328079223633,168.325,0.0,168.325
12.054969787597656,0.0054431427,5,22335,0.0007950942,0.61573887,378,0.0054431427,-0.007898092269897461,170.8,0.0,170.8
12.582424402236938,0.00731436,7,23454,0.00078979507,0.5986886,385,0.00731436,-0.004357099533081055,166.2,0.0,166.2
13.08421540260315,0.0030483329,6,24530,0.0007589391,0.6203786,391,0.0030483329,-0.005781412124633789,170.175,0.0,170.175
13.672275304794312,0.0033119926,5,25530,0.00085174554,0.6233056,396,0.0033119926,-0.011955618858337402,172.675,0.0,172.675
14.169761657714844,0.0046425452,5,26464,0.00066457293,0.61561155,401,0.0046425452,-0.017453670501708984,172.15,0.0,172.15
14.717853546142578,0.0034357782,6,27528,0.00053351454,0.6098101,407,0.0034357782,-0.0071523189544677734,173.925,0.0,173.925
15.302372455596924,0.0048145787,5,28512,0.00081028935,0.61331654,412,0.0048145787,-0.010874748229980469,181.875,0.0,181.875
15.860285520553589,0.0049895826,7,29649,0.00081347034,0.6030184,419,0.0049895826,-0.0039871931076049805,177.85,0.0,177.85
16.38541603088379,0.0035922653,5,30649,0.00093776744,0.6125436,424,0.0035922653,-0.006711721420288086,180.5,0.0,180.5
16.95384669303894,0.005134532,6,31690,0.0006718837,0.6051316,430,0.005134532,0.0022203922271728516,183.625,0.0,183.625
17.510395765304565,0.0066104834,7,32724,0.00096314226,0.5933145,437,0.0066104834,-0.0014548301696777344,174.85,0.0,174.85
18.066234350204468,0.0036278302,5,33724,0.00063931546,0.61008406,442,0.0036278302,-0.008520245552062988,176.5,0.0,176.5
18.595106840133667,0.006318268,5,34719,0.0007915585,0.6065171,447,0.006318268,-0.0036393404006958008,179.775,0.0,179.775
19.149364709854126,0.0050927578,6,35797,0.0005888692,0.60651976,453,0.0050927578,0.00905156135559082,177.125,0.0,177.125
19.67320227622986,0.004590339,5,36720,0.00065241137,0.6072811,458,0.004590339,0.013062536716461182,178.25,0.0,178.25
20.20496964454651,0.0035101143,6,37886,0.0005678835,0.5829559,464,0.0035101143,0.007162690162658691,180.925,0.0,180.925
20.806450605392456,0.0048431954,5,38859,0.00057955924,0.5980195,469,0.0048431954,0.008732080459594727,181.95,0.0,181.95
21.323344945907593,0.0065914444,5,39859,0.0010477604,0.5782764,474,0.0065914444,0.006478369235992432,190.625,0.0,190.625
21.83192205429077,0.0048529357,5,40859,0.0010322267,0.5953013,479,0.0048529357,-0.008489727973937988,193.375,0.0,193.375
22.40086841583252,0.0029001217,5,41859,0.00080331357,0.6018911,484,0.0029001217,-0.010095834732055664,193.5,0.0,193.5
22.92974615097046,0.003948983,6,43008,0.0008047023,0.5874221,490,0.003948983,0.006747245788574219,193.55,0.0,193.55
23.49209213256836,0.004934383,5,44008,0.00077611976,0.5878497,495,0.004934383,-0.00568997859954834,195.275,0.0,195.275
24.089381456375122,0.0050049303,5,44927,0.0006620831,0.5895444,500,0.0050049303,-0.007881999015808105,195.175,0.0,195.175
24.60546088218689,0.006378345,5,45889,0.0007954852,0.58970696,505,0.006378345,0.00023406744003295898,195.075,0.0,195.075
25.14997887611389,0.005882371,6,46963,0.0007768959,0.58228225,511,0.005882371,-0.00637507438659668,192.6,0.0,192.6
25.750012636184692,0.0037900028,5,47963,0.0009148279,0.6027068,516,0.0037900028,-0.003279447555541992,192.6,0.0,192.6
26.29338002204895,0.003098986,6,49091,0.00081634626,0.5987252,522,0.003098986,0.0095023512840271,190.8,0.0,190.8
26.836858987808228,0.0068421103,5,50075,0.00062562875,0.5870453,527,0.0068421103,-0.0040264129638671875,191.675,0.0,191.675
27.410263538360596,0.004697445,6,51139,0.0008207948,0.58009285,533,0.004697445,0.005272328853607178,188.275,0.0,188.275
27.94819736480713,0.007556948,5,52088,0.00079611724,0.5860757,538,0.007556948,0.002010941505432129,189.025,0.0,189.025
28.44933247566223,0.0053861085,7,53204,0.00084729394,0.572911,545,0.0053861085,0.0043492913246154785,182.875,0.0,182.875
29.047507524490356,0.004102352,5,54204,0.0007274964,0.5969819,550,0.004102352,-0.0040509700775146484,182.875,0.0,182.875
29.622255086898804,0.005297942,5,55204,0.00092521735,0.58694035,555,0.005297942,0.0015586614608764648,186.025,0.0,186.025
30.143718719482422,0.0013888604,5,56204,0.00026760297,0.5955659,560,0.0013888604,0.0022432804107666016,187.825,0.0,187.825
30.705008268356323,0.004294979,5,57204,0.00093277456,0.58845264,565,0.004294979,-0.005629897117614746,188.125,0.0,188.125
31.289926052093506,0.0036451642,5,58192,0.0005666291,0.573421,570,0.0036451642,0.019786834716796875,187.925,0.0,187.925
31.84658408164978,0.0041428464,6,59360,0.00077381555,0.5871585,576,0.0041428464,0.00397723913192749,190.525,0.0,190.525
32.4038827419281,0.007637499,5,60248,0.0010308863,0.57699347,581,0.007637499,0.015801846981048584,189.0,0.0,189.0
32.90799427032471,0.004548973,5,61248,0.0007123173,0.58281714,586,0.004548973,0.022125720977783203,196.1,0.0,196.1
33.432363510131836,0.004663797,6,62408,0.00074472174,0.5696901,592,0.004663797,0.011086106300354004,195.1,0.0,195.1
33.96301198005676,0.0071215946,5,63404,0.0011599273,0.5731641,597,0.0071215946,0.013415694236755371,195.0,0.0,195.0
34.56086778640747,0.005675232,5,64404,0.00063063874,0.5773623,602,0.005675232,0.015700995922088623,195.0,0.0,195.0
35.08952569961548,0.003570334,5,65404,0.0006265105,0.58400786,607,0.003570334,-0.0024465322494506836,195.3,0.0,195.3
35.64116287231445,0.004571495,5,66401,0.0006930502,0.58931863,612,0.004571495,0.018401622772216797,195.225,0.0,195.225
36.24101185798645,0.0083472375,5,67401,0.000929291,0.59126073,617,0.0083472375,0.009179234504699707,196.15,0.0,196.15
36.8062744140625,0.005776204,6,68601,0.00089795375,0.5955957,623,0.005776204,0.0015784502029418945,198.825,0.0,198.825
37.33691072463989,0.005385341,5,69509,0.0007601029,0.5871426,628,0.005385341,0.014340519905090332,196.525,0.0,196.525
37.874236822128296,0.0058079557,5,70488,0.00082817243,0.5961553,633,0.0058079557,0.005166351795196533,197.0,0.0,197.0
38.447654485702515,0.0055048605,6,71636,0.0007792663,0.5880809,639,0.0055048605,0.0003466010093688965,195.8,0.0,195.8
39.00190734863281,0.0059147985,5,72569,0.00070239435,0.5923072,644,0.0059147985,0.0035529732704162598,194.125,0.0,194.125
39.56578326225281,0.0040101088,6,73672,0.0005876971,0.6039088,650,0.0040101088,-0.006246089935302734,191.775,0.0,191.775
40.07359766960144,0.005802959,5,74631,0.0008225031,0.5850948,655,0.005802959,-0.003805398941040039,190.75,0.0,190.75
40.5773708820343,0.005640381,6,75614,0.00061795744,0.58121264,661,0.005640381,0.013548672199249268,185.325,0.0,185.325
41.10728216171265,0.006603596,6,76794,0.00069132174,0.5801714,667,0.006603596,-0.0132904052734375,187.125,0.0,187.125
41.60187602043152,0.005199866,5,77794,0.00072284375,0.58160615,672,0.005199866,0.015664875507354736,187.65,0.0,187.65
42.107892990112305,0.005425324,5,78719,0.00069819327,0.5841228,677,0.005425324,-0.000786900520324707,186.925,0.0,186.925
42.59059238433838,0.0038474347,5,79719,0.0008467695,0.5874622,682,0.0038474347,-0.0005170106887817383,188.75,0.0,188.75
43.08738565444946,0.004625447,6,80795,0.00079978135,0.5746064,688,0.004625447,-0.004018068313598633,188.075,0.0,188.075
43.59853792190552,0.005250251,6,81837,0.00076992647,0.5741514,694,0.005250251,-0.006132364273071289,185.15,0.0,185.15
44.14252233505249,0.004561746,6,82829,0.0007522692,0.5611439,700,0.004561746,0.010603725910186768,185.375,0.0,185.375
44.68098258972168,0.0039608367,5,83827,0.0005746186,0.5765009,705,0.0039608367,-0.009665966033935547,185.825,0.0,185.825
45.24285817146301,0.0049728253,5,84793,0.00070823875,0.5733757,710,0.0049728253,0.022093772888183594,184.975,0.0,184.975
45.83375072479248,0.0050314,6,85893,0.00078304583,0.5879642,716,0.0050314,-0.018523216247558594,184.35,0.0,184.35
46.35101914405823,0.005762767,6,86986,0.00081238616,0.57645285,722,0.005762767,-0.002089858055114746,181.675,0.0,181.675
46.88473415374756,0.005504937,5,87986,0.00077838544,0.5755398,727,0.005504937,-0.0073168277740478516,184.775,0.0,184.775
47.4821674823761,0.004594265,5,88940,0.0007160059,0.5780536,732,0.004594265,-0.00939643383026123,184.85,0.0,184.85
48.055145025253296,0.0066761784,5,89940,0.0010060761,0.5890517,737,0.0066761784,-0.00945901870727539,187.575,0.0,187.575
48.586015462875366,0.0040576984,5,90940,0.00057580206,0.58188766,742,0.0040576984,0.0030704736709594727,192.825,0.0,192.825
49.1531457901001,0.004455682,6,92116,0.0007463259,0.59279156,748,0.004455682,0.00862497091293335,193.075,0.0,193.075
49.69435358047485,0.005794894,5,93014,0.00070371147,0.5851408,753,0.005794894,-0.008408188819885254,193.025,0.0,193.025
50.22857093811035,0.0059091416,7,94145,0.00091582246,0.5751167,760,0.0059091416,-0.005029439926147461,188.975,0.0,188.975
50.7600371837616,0.0030532014,5,95145,0.0007516926,0.5578717,765,0.0030532014,-0.0045206546783447266,188.975,0.0,188.975
51.32223701477051,0.0036934516,5,96145,0.0007692746,0.58366066,770,0.0036934516,0.0021286606788635254,188.975,0.0,188.975
51.83008027076721,0.0022036089,5,97145,0.000620894,0.5827894,775,0.0022036089,-0.005890607833862305,190.125,0.0,190.125
52.38351559638977,0.0044198856,5,98145,0.0009766432,0.5901113,780,0.0044198856,-0.001590132713317871,190.125,0.0,190.125
52.90355324745178,0.005467511,6,99229,0.0006628563,0.57583576,786,0.005467511,-0.003276228904724121,187.825,0.0,187.825
53.41203260421753,0.0050232993,6,100292,0.00052409904,0.5678636,792,0.0050232993,-0.015336036682128906,186.95,0.0,186.95
