EpThisIter,TimestepsSoFar,ev_tdlam_before,entropy,surrgain,EpLenMean,EpRewMean,meankl,EpisodesSoFar,optimgain,entloss,TimeElapsed
47,1011,-0.0008089542388916016,0.69212633,0.0073458985,21.25,21.25,0.0009476278,47,0.0073458985,0.0,0.6544420719146729
38,2036,6.258487701416016e-05,0.68924654,0.0063395537,26.7,26.7,0.00097642245,85,0.0063395537,0.0,1.1575350761413574
37,3020,0.010578334331512451,0.68493354,0.008089702,26.55,26.55,0.0010254844,122,0.008089702,0.0,1.7136046886444092
33,4081,0.0025172829627990723,0.6789962,0.0069875163,29.175,29.175,0.0009319162,155,0.0069875163,0.0,2.2516591548919678
29,5102,0.0319446325302124,0.6726506,0.006598953,34.525,34.525,0.0008984633,184,0.006598953,0.0,2.787978172302246
25,6137,0.020111382007598877,0.66430396,0.0076127946,36.65,36.65,0.00092984457,209,0.0076127946,0.0,3.350991725921631
23,7133,0.06334865093231201,0.65558654,0.009328653,44.325,44.325,0.00092019024,232,0.009328653,0.0,3.930379867553711
19,8110,0.13533449172973633,0.64450836,0.0076726275,45.9,45.9,0.0010007063,251,0.0076726275,0.0,4.457011938095093
16,9186,0.059523940086364746,0.63983816,0.0060040923,56.0,56.0,0.000851492,267,0.0060040923,0.0,5.020435094833374
13,10072,0.049334824085235596,0.63531554,0.007068477,60.825,60.825,0.00081989926,280,0.007068477,0.0,5.597691297531128
11,11160,0.06959575414657593,0.62609386,0.007669761,76.25,76.25,0.0009985403,291,0.007669761,0.0,6.131478548049927
9,12281,0.005612015724182129,0.6225998,0.005401691,92.95,92.95,0.0008432217,300,0.005401691,0.0,6.690872669219971
9,13286,0.08657878637313843,0.6051654,0.007517077,98.575,98.575,0.0008936404,309,0.007517077,0.0,7.215734243392944
8,14241,0.24738115072250366,0.6012902,0.006539113,108.475,108.475,0.00080220425,317,0.006539113,0.0,7.7231605052948
8,15324,0.17528128623962402,0.5960204,0.007045732,115.625,115.625,0.0008679668,325,0.007045732,0.0,8.298478364944458
6,16267,0.2290160059928894,0.5986065,0.005714818,127.675,127.675,0.0007021672,331,0.005714818,0.0,8.793132781982422
6,17358,0.5139738619327545,0.5951383,0.005178639,135.175,135.175,0.00084984116,337,0.005178639,0.0,9.310429573059082
5,18306,0.4430859684944153,0.59256804,0.0040929266,140.625,140.625,0.00080689887,342,0.0040929266,0.0,9.859072923660278
6,19448,0.5335762798786163,0.61184037,0.003489476,154.4,154.4,0.00091356074,348,0.003489476,0.0,10.428067445755005
6,20322,0.5029337108135223,0.57967395,0.0063385097,160.65,160.65,0.0007735131,354,0.0063385097,0.0,10.93446946144104
6,21480,0.2886481285095215,0.5976639,0.0040531275,173.4,173.4,0.0007461636,360,0.0040531275,0.0,11.486650705337524
5,22458,0.41755181550979614,0.59535533,0.004876641,178.35,178.35,0.00086030626,365,0.004876641,0.0,12.080851793289185
5,23360,0.48214787244796753,0.58689576,0.0030276515,180.7,180.7,0.00047571392,370,0.0030276515,0.0,12.632071733474731
7,24387,0.2998030185699463,0.5691818,0.005570082,175.725,175.725,0.0006691854,377,0.005570082,0.0,13.181865453720093
6,25511,0.5993014276027679,0.586818,0.004184669,175.125,175.125,0.0008784809,383,0.004184669,0.0,13.773205518722534
5,26511,0.33702707290649414,0.60032344,0.004353907,176.575,176.575,0.0010138267,388,0.004353907,0.0,14.356587409973145
5,27492,0.4366111755371094,0.59920335,0.0039699334,183.45,183.45,0.00088261993,393,0.0039699334,0.0,14.85874342918396
5,28492,0.4818667769432068,0.5925845,0.004006381,185.3,185.3,0.0008053639,398,0.004006381,0.0,15.417655229568481
6,29692,0.5901199281215668,0.59374595,0.0031436826,185.3,185.3,0.000803971,404,0.0031436826,0.0,16.012571811676025
5,30692,0.7704406976699829,0.58877635,0.0028771386,187.85,187.85,0.00088364945,409,0.0028771386,0.0,16.520207166671753
5,31692,0.6142896413803101,0.5788585,0.002482631,193.7,193.7,0.00069754326,414,0.002482631,0.0,17.048970460891724
5,32661,0.056340038776397705,0.5797379,0.00271288,196.85,196.85,0.0008579147,419,0.00271288,0.0,17.617329359054565
5,33661,0.4897119402885437,0.5676396,0.0027986988,198.75,198.75,0.00075604615,424,0.0027986988,0.0,18.1595299243927
5,34661,0.5995459854602814,0.564722,0.0039882814,198.75,198.75,0.00084304926,429,0.0039882814,0.0,18.710184335708618
5,35658,0.5110668540000916,0.5702976,0.0028772277,199.15,199.15,0.0005023882,434,0.0028772277,0.0,19.290435552597046
6,36858,0.32337868213653564,0.58097196,0.0018221862,199.15,199.15,0.0004826173,440,0.0018221862,0.0,19.923239707946777
5,37858,0.40762513875961304,0.5772033,0.0044945385,199.15,199.15,0.00061893987,445,0.0044945385,0.0,20.52444839477539
5,38858,0.3058256506919861,0.5784396,0.0033979197,199.15,199.15,0.00087055255,450,0.0033979197,0.0,21.10423994064331
5,39858,0.1674935221672058,0.5607355,0.0052314606,199.925,199.925,0.0008877463,455,0.0052314606,0.0,21.676259756088257
5,40858,0.18767249584197998,0.57103014,0.0035533258,199.925,199.925,0.00074700697,460,0.0035533258,0.0,22.217637538909912
5,41802,0.5611763298511505,0.5809493,0.0027717361,198.525,198.525,0.00092480343,465,0.0027717361,0.0,22.788273572921753
6,42951,0.5339936017990112,0.55717146,0.0049773464,197.25,197.25,0.0008798006,471,0.0049773464,0.0,23.354708671569824
5,43938,0.839004784822464,0.5780963,0.0039217947,197.0,197.0,0.00087200984,476,0.0039217947,0.0,23.926039457321167
5,44938,0.39268141984939575,0.56125987,0.0050448934,197.0,197.0,0.00075305754,481,0.0050448934,0.0,24.453861951828003
5,45938,0.4816116690635681,0.56166154,0.0039044516,197.0,197.0,0.0007383985,486,0.0039044516,0.0,25.04788374900818
6,47073,0.6772095859050751,0.5853514,0.0046613915,195.375,195.375,0.00085699384,492,0.0046613915,0.0,25.648362636566162
5,48052,0.7008471190929413,0.5834741,0.002143188,194.85,194.85,0.000753112,497,0.002143188,0.0,26.20193338394165
5,48990,0.6490634977817535,0.5940138,0.0019590568,194.175,194.175,0.0006109622,502,0.0019590568,0.0,26.734068632125854
6,50017,0.7429603338241577,0.58179754,0.0057881796,191.65,191.65,0.00087631977,508,0.0057881796,0.0,27.328385591506958
6,51138,0.45830249786376953,0.57914644,0.0054977057,189.725,189.725,0.0008375519,514,0.0054977057,0.0,27.867932558059692
5,52113,0.2955004572868347,0.5797342,0.003987427,189.375,189.375,0.0006166735,519,0.003987427,0.0,28.425390243530273
5,53067,0.7058765590190887,0.58144,0.0032334193,188.225,188.225,0.0007932419,524,0.0032334193,0.0,29.009149312973022
6,54260,0.5473480224609375,0.5715206,0.0063013677,188.85,188.85,0.0009528537,530,0.0063013677,0.0,29.57709527015686
5,55255,0.5968818962574005,0.57092386,0.0025090934,190.075,190.075,0.00069591415,535,0.0025090934,0.0,30.145421743392944
5,56245,0.5713098645210266,0.56495774,0.0028599305,191.375,191.375,0.00084162387,540,0.0028599305,0.0,30.68094491958618
5,57245,0.4817616939544678,0.5617554,0.0041833366,193.85,193.85,0.00081531005,545,0.0041833366,0.0,31.249731302261353
5,58245,0.5646289885044098,0.55679405,0.0032717958,196.4,196.4,0.0007359614,550,0.0032717958,0.0,31.809364080429077
5,59245,0.6872095465660095,0.5630723,0.0041217445,197.675,197.675,0.0007842408,555,0.0041217445,0.0,32.367658376693726
5,60245,0.561441957950592,0.55493224,0.004561739,198.3,198.3,0.000787511,560,0.004561739,0.0,32.930171728134155
6,61421,0.748995304107666,0.5601914,0.0035167304,198.925,198.925,0.0011375365,566,0.0035167304,0.0,33.49286913871765
5,62347,0.46115171909332275,0.54689413,0.0074815857,197.175,197.175,0.00080253696,571,0.0074815857,0.0,34.03431415557861
5,63347,0.30486583709716797,0.54268885,0.0018667255,197.3,197.3,0.0008275521,576,0.0018667255,0.0,34.589308738708496
5,64347,0.6584907472133636,0.5401195,0.0031553272,197.55,197.55,0.00064690236,581,0.0031553272,0.0,35.126370429992676
5,65347,0.5766712427139282,0.5354421,0.0033738576,197.55,197.55,0.00062073825,586,0.0033738576,0.0,35.63384795188904
6,66547,0.7649455070495605,0.54288214,0.0038829893,197.55,197.55,0.0008185829,592,0.0038829893,0.0,36.1597375869751
5,67547,0.5566365122795105,0.54560053,0.0041867686,197.55,197.55,0.00064474053,597,0.0041867686,0.0,36.682244300842285
5,68547,0.3221176266670227,0.5604615,0.0021560988,198.025,198.025,0.00068321323,602,0.0021560988,0.0,37.241580963134766
5,69489,0.7237545549869537,0.5423064,0.00510819,196.7,196.7,0.00061973894,607,0.00510819,0.0,37.813318967819214
5,70489,0.5862758457660675,0.5475769,0.0059193503,198.55,198.55,0.00081184914,612,0.0059193503,0.0,38.36984372138977
5,71485,0.5071904361248016,0.5558387,0.0039316774,198.45,198.45,0.0009260157,617,0.0039316774,0.0,38.87274765968323
6,72685,0.6601038873195648,0.5446931,0.008083317,198.45,198.45,0.0011784853,623,0.008083317,0.0,39.44227862358093
5,73685,0.7946530878543854,0.5424303,0.0041092015,198.45,198.45,0.0006476927,628,0.0041092015,0.0,40.00814962387085
5,74685,0.4473723769187927,0.52869415,0.005156795,198.45,198.45,0.0007922567,633,0.005156795,0.0,40.55200672149658
5,75685,0.09194022417068481,0.5289233,0.0038029526,198.45,198.45,0.0007874927,638,0.0038029526,0.0,41.09088587760925
5,76685,0.3508366346359253,0.5324451,0.0017575489,198.45,198.45,0.0009585307,643,0.0017575489,0.0,41.65771245956421
5,77685,0.46211081743240356,0.54584,0.0033905953,199.9,199.9,0.0010105525,648,0.0033905953,0.0,42.20924782752991
5,78685,0.34133726358413696,0.545781,0.0042616255,199.9,199.9,0.0008215507,653,0.0042616255,0.0,42.77339005470276
5,79685,0.5186076462268829,0.5387416,0.0030788817,200.0,200.0,0.00061732414,658,0.0030788817,0.0,43.30961894989014
6,80885,0.4613773822784424,0.5237496,0.0037390324,200.0,200.0,0.0008576242,664,0.0037390324,0.0,43.85541391372681
5,81885,0.2645223140716553,0.5149945,0.0024019878,200.0,200.0,0.0007805563,669,0.0024019878,0.0,44.43142366409302
5,82885,0.41709691286087036,0.54069877,0.0038099508,200.0,200.0,0.00061165914,674,0.0038099508,0.0,45.01341390609741
5,83885,0.18169522285461426,0.5344116,0.0015286014,200.0,200.0,0.0004399274,679,0.0015286014,0.0,45.54785394668579
5,84885,0.4196450710296631,0.5403259,0.004677762,200.0,200.0,0.0007508617,684,0.004677762,0.0,46.067049741744995
5,85885,0.5837978422641754,0.5474952,0.004615482,200.0,200.0,0.0008869862,689,0.004615482,0.0,46.60253310203552
5,86885,0.5669849216938019,0.5451398,0.003573207,200.0,200.0,0.0007344234,694,0.003573207,0.0,47.13480091094971
5,87885,0.08381730318069458,0.5309297,0.0017737532,200.0,200.0,0.00090192514,699,0.0017737532,0.0,47.65613532066345
6,89085,0.34385037422180176,0.53936356,0.0021546744,200.0,200.0,0.0007821787,705,0.0021546744,0.0,48.24000692367554
5,90085,0.3375667333602905,0.5188401,0.004480467,200.0,200.0,0.0007958131,710,0.004480467,0.0,48.79726552963257
5,91085,0.11469173431396484,0.54536015,0.003122333,200.0,200.0,0.00072166475,715,0.003122333,0.0,49.34134030342102
5,92085,0.26558440923690796,0.5512162,0.0042628446,200.0,200.0,0.0010789488,720,0.0042628446,0.0,49.95023012161255
5,93085,0.312685489654541,0.5376266,0.002690124,200.0,200.0,0.00075895526,725,0.002690124,0.0,50.49908256530762
5,94085,0.39110368490219116,0.53041613,0.0060074385,200.0,200.0,0.0012146807,730,0.0060074385,0.0,51.012139081954956
5,95085,-0.11656725406646729,0.5323999,0.0050641717,200.0,200.0,0.0008682364,735,0.0050641717,0.0,51.59424376487732
5,96085,-0.021000027656555176,0.536823,0.0024303568,200.0,200.0,0.0008506123,740,0.0024303568,0.0,52.18652129173279
5,97085,0.05798912048339844,0.52667105,0.0031315084,200.0,200.0,0.0007072373,745,0.0031315084,0.0,52.732059717178345
6,98285,0.19800567626953125,0.5485319,0.0028208727,200.0,200.0,0.00072294154,751,0.0028208727,0.0,53.274561166763306
5,99285,0.21037864685058594,0.5302403,0.002340122,200.0,200.0,0.00068678265,756,0.002340122,0.0,53.84421133995056
5,100285,-0.031282782554626465,0.52885234,0.004700518,200.0,200.0,0.0008785033,761,0.004700518,0.0,54.38403034210205
