entropy,TimeElapsed,surrgain,EpLenMean,EpisodesSoFar,EpThisIter,TimestepsSoFar,optimgain,EpRewMean,meankl,entloss,ev_tdlam_before
0.69222116,0.684973955154419,0.0054697916,22.9,44,44,1002,0.0054697916,22.9,0.0008650698,0.0,-0.0005012750625610352
0.68944997,1.2201147079467773,0.0076326756,23.8,86,42,2029,0.0076326756,23.8,0.0010123379,0.0,0.14461541175842285
0.6844097,1.7769956588745117,0.008364592,22.325,129,43,3057,0.008364592,22.325,0.0010238572,0.0,0.2650943398475647
0.67980325,2.33450984954834,0.00880794,28.7,164,35,4075,0.00880794,28.7,0.00091156206,0.0,0.3414863348007202
0.67120314,2.8790812492370605,0.008913129,29.05,198,34,5099,0.008913129,29.05,0.0009968975,0.0,0.2904718518257141
0.66636133,3.4038736820220947,0.010566071,35.675,226,28,6124,0.010566071,35.675,0.0009430669,0.0,0.3406531810760498
0.65490276,4.011151313781738,0.009562483,38.85,252,26,7160,0.009562483,38.85,0.0010261259,0.0,0.38123250007629395
0.6463766,4.588089227676392,0.0073873247,46.2,273,21,8186,0.0073873247,46.2,0.000942652,0.0,0.20654785633087158
0.6451658,5.111130475997925,0.00806577,59.5,286,13,9174,0.00806577,59.5,0.00092678086,0.0,0.2452898621559143
0.6336479,5.68954610824585,0.0074850637,70.7,298,12,10216,0.0074850637,70.7,0.0008856291,0.0,0.07341057062149048
0.6223042,6.244675397872925,0.0063127717,84.45,308,10,11182,0.0063127717,84.45,0.0008672117,0.0,0.18490475416183472
0.62112355,6.757540225982666,0.008450159,94.975,315,7,12205,0.008450159,94.975,0.00085509056,0.0,0.4243013858795166
0.6086645,7.314646482467651,0.0056307693,102.85,326,11,13288,0.0056307693,102.85,0.000894713,0.0,-0.09467923641204834
0.6076419,7.829773664474487,0.0044040093,110.15,332,6,14183,0.0044040093,110.15,0.0007979497,0.0,0.3586882948875427
0.60026807,8.333960771560669,0.0052474616,118.875,341,9,15358,0.0052474616,118.875,0.0006453362,0.0,-0.058951735496520996
0.6003448,8.891371726989746,0.0066877175,129.675,347,6,16279,0.0066877175,129.675,0.0006683085,0.0,0.23765844106674194
0.59641814,9.448319435119629,0.00606203,127.575,354,7,17298,0.00606203,127.575,0.00081018393,0.0,0.45421892404556274
0.6025481,10.00861144065857,0.0058509167,139.425,360,6,18289,0.0058509167,139.425,0.00059843867,0.0,0.742017924785614
0.6014376,10.572316884994507,0.0034341074,151.725,366,6,19357,0.0034341074,151.725,0.0007634328,0.0,0.49527353048324585
0.59799504,11.176105976104736,0.0047123893,154.825,372,6,20376,0.0047123893,154.825,0.00070518005,0.0,0.6463919878005981
0.617076,11.69576358795166,0.002398125,159.55,378,6,21448,0.002398125,159.55,0.00089283654,0.0,0.728073388338089
0.5970192,12.23536992073059,0.006079874,164.025,384,6,22457,0.006079874,164.025,0.0007545237,0.0,0.2574629783630371
0.6074927,12.831934928894043,0.0063515976,170.575,389,5,23413,0.0063515976,170.575,0.00088472996,0.0,0.789606586098671
0.6120749,13.352380990982056,0.0035031147,177.875,394,5,24413,0.0035031147,177.875,0.00085236493,0.0,0.3510581851005554
0.5825303,13.89294171333313,0.005968705,178.15,400,6,25415,0.005968705,178.15,0.0008521387,0.0,0.34788745641708374
0.58605707,14.467571496963501,0.00359947,179.05,406,6,26519,0.00359947,179.05,0.00094673736,0.0,0.3296952247619629
0.5911858,15.010499715805054,0.00299728,181.3,411,5,27518,0.00299728,181.3,0.00065476133,0.0,0.6515236794948578
0.5935907,15.533961057662964,0.0067626107,182.3,417,6,28540,0.0067626107,182.3,0.00088369125,0.0,0.6080061793327332
0.591472,16.110074520111084,0.0030644047,185.1,423,6,29661,0.0030644047,185.1,0.00080130564,0.0,0.36155426502227783
0.5811069,16.63894033432007,0.0034350401,186.2,428,5,30661,0.0034350401,186.2,0.0006564277,0.0,0.4275299906730652
0.5780529,17.166980981826782,0.002869553,185.8,433,5,31645,0.002869553,185.8,0.0007613291,0.0,0.7263668775558472
0.5776265,17.740126848220825,0.004098592,188.375,438,5,32640,0.004098592,188.375,0.0009360642,0.0,0.2658657431602478
0.575792,18.23942995071411,0.003851405,190.625,443,5,33640,0.003851405,190.625,0.0008429042,0.0,0.561535656452179
0.58166194,18.73351001739502,0.0016853614,193.025,448,5,34640,0.0016853614,193.025,0.00088808464,0.0,0.2341923713684082
0.566263,19.29331874847412,0.0028591263,196.7,454,6,35840,0.0028591263,196.7,0.0008057074,0.0,0.6667126715183258
0.5681943,19.854846715927124,0.0030424846,199.125,459,5,36840,0.0030424846,199.125,0.0007683119,0.0,0.4662856459617615
0.57597774,20.402133464813232,0.0023031326,199.475,464,5,37840,0.0023031326,199.475,0.0009703475,0.0,-0.5148767232894897
0.5645796,21.019599437713623,0.0021037497,199.85,469,5,38840,0.0021037497,199.85,0.0009065471,0.0,0.6102616190910339
0.551275,21.652621746063232,0.0028628178,197.225,475,6,39929,0.0028628178,197.225,0.00070032943,0.0,0.4044261574745178
0.5492378,22.22154188156128,0.0037559746,197.225,480,5,40929,0.0037559746,197.225,0.0006557668,0.0,0.57636559009552
0.5690447,22.818679332733154,0.0019546212,197.225,485,5,41929,0.0019546212,197.225,0.0007497482,0.0,0.5130517184734344
0.57379496,23.474258184432983,0.0034924909,197.225,490,5,42929,0.0034924909,197.225,0.0008409122,0.0,0.432167112827301
0.5765818,24.03762412071228,0.0015343986,197.225,495,5,43929,0.0015343986,197.225,0.00059321645,0.0,0.36508631706237793
0.5878039,24.56111192703247,0.0019387668,197.225,500,5,44929,0.0019387668,197.225,0.00053155085,0.0,0.2668573260307312
0.58547145,25.14148783683777,0.0025440129,197.225,505,5,45929,0.0025440129,197.225,0.0008507209,0.0,0.4538764953613281
0.58606374,25.74601435661316,0.004108105,197.225,510,5,46929,0.004108105,197.225,0.00062496366,0.0,0.40202879905700684
0.5686259,26.35424566268921,0.0034599204,200.0,515,5,47929,0.0034599204,200.0,0.00088310963,0.0,0.5357834100723267
0.5700905,26.88300657272339,0.0052905986,200.0,521,6,49129,0.0052905986,200.0,0.000856951,0.0,0.24991202354431152
0.5759771,27.454715251922607,0.0031496715,200.0,526,5,50129,0.0031496715,200.0,0.0008957605,0.0,0.3814907670021057
0.5787864,28.03213930130005,0.0027033258,200.0,531,5,51129,0.0027033258,200.0,0.00075976044,0.0,0.24110686779022217
0.5699246,28.594805479049683,0.0040798816,200.0,536,5,52129,0.0040798816,200.0,0.0009848536,0.0,0.5349172055721283
0.5639949,29.20548439025879,0.004284496,197.325,542,6,53222,0.004284496,197.325,0.00090335245,0.0,0.28173500299453735
0.5718817,29.811437129974365,0.003923,197.325,547,5,54222,0.003923,197.325,0.0006354832,0.0,0.5361678302288055
0.57360387,30.396053791046143,0.003960236,197.325,552,5,55222,0.003960236,197.325,0.0006070894,0.0,0.37086498737335205
0.56783676,30.99769878387451,0.0029331795,197.325,557,5,56222,0.0029331795,197.325,0.00071421446,0.0,0.33697545528411865
0.57240355,31.55927848815918,0.0045312922,197.325,562,5,57222,0.0045312922,197.325,0.0008542753,0.0,0.5903942286968231
0.57719463,32.15346026420593,0.0032099546,197.325,567,5,58222,0.0032099546,197.325,0.0006690541,0.0,0.45764589309692383
0.5793021,32.758177757263184,0.002936415,197.325,572,5,59222,0.002936415,197.325,0.0006731035,0.0,0.5757979154586792
0.56440914,33.35214591026306,0.0052435007,195.975,578,6,60368,0.0052435007,195.975,0.0007798725,0.0,0.3954606056213379
0.56555235,33.92047643661499,0.0040808804,198.65,583,5,61368,0.0040808804,198.65,0.0008502449,0.0,0.5250730216503143
0.5624939,34.50582957267761,0.0027103748,198.65,588,5,62368,0.0027103748,198.65,0.0010579734,0.0,0.17578727006912231
0.56461036,35.10100531578064,0.0050664856,198.65,593,5,63368,0.0050664856,198.65,0.0010095998,0.0,0.3344953656196594
0.54978424,35.66738224029541,0.004096401,198.65,598,5,64368,0.004096401,198.65,0.0009095988,0.0,-0.2442626953125
0.5669617,36.22710394859314,0.0034703275,198.65,603,5,65368,0.0034703275,198.65,0.0007091417,0.0,0.4624103307723999
0.56885904,36.81619834899902,0.0024398766,198.65,608,5,66368,0.0024398766,198.65,0.00062565913,0.0,0.32099032402038574
0.5589893,37.40249705314636,0.004004007,198.65,614,6,67568,0.004004007,198.65,0.00067691354,0.0,0.18620097637176514
0.5627006,37.98367404937744,0.003899719,200.0,619,5,68568,0.003899719,200.0,0.0009890965,0.0,0.5617915391921997
0.56232584,38.562015771865845,0.003029021,200.0,624,5,69568,0.003029021,200.0,0.00056926394,0.0,0.552465558052063
0.56153893,39.13011193275452,0.0047325576,200.0,629,5,70568,0.0047325576,200.0,0.00083672284,0.0,0.6994151771068573
0.57103413,39.689072608947754,0.0017493449,200.0,634,5,71568,0.0017493449,200.0,0.00078604394,0.0,0.4194875955581665
0.57942045,40.271138429641724,0.001663609,200.0,639,5,72568,0.001663609,200.0,0.0006856477,0.0,0.6037996113300323
0.5735518,40.91248440742493,0.002305549,200.0,644,5,73568,0.002305549,200.0,0.0007188517,0.0,0.1472340226173401
0.5574484,41.49612212181091,0.004478943,200.0,649,5,74568,0.004478943,200.0,0.0008752835,0.0,0.402934193611145
0.5684668,42.07788896560669,0.003306856,200.0,655,6,75768,0.003306856,200.0,0.0009692885,0.0,0.5267150104045868
0.5732386,42.65265154838562,0.0018329374,200.0,660,5,76768,0.0018329374,200.0,0.0007735699,0.0,0.5266599655151367
0.5699383,43.21733117103577,0.0022255944,200.0,665,5,77768,0.0022255944,200.0,0.00075736607,0.0,0.03875058889389038
0.56402814,43.78441882133484,0.0041743424,200.0,670,5,78768,0.0041743424,200.0,0.00067843904,0.0,0.6287448108196259
0.5652966,44.3842613697052,0.0024680658,200.0,675,5,79768,0.0024680658,200.0,0.0007230542,0.0,0.37567269802093506
0.56114435,44.95458769798279,0.004278104,200.0,680,5,80768,0.004278104,200.0,0.00085537834,0.0,0.21900320053100586
0.54946685,45.55933952331543,0.0052103754,200.0,685,5,81768,0.0052103754,200.0,0.00086931605,0.0,0.4193490147590637
0.5697082,46.1138916015625,0.0025369357,200.0,690,5,82768,0.0025369357,200.0,0.0007557344,0.0,0.40488380193710327
0.5631069,46.625943183898926,0.0030190707,200.0,696,6,83968,0.0030190707,200.0,0.00065949577,0.0,0.25281912088394165
0.5764507,47.20120716094971,0.0023452705,200.0,701,5,84968,0.0023452705,200.0,0.0007301171,0.0,0.6333451867103577
0.57967925,47.74348306655884,0.004913676,200.0,706,5,85968,0.004913676,200.0,0.0008730356,0.0,0.2877795696258545
0.5534818,48.287349224090576,0.0036695665,200.0,711,5,86968,0.0036695665,200.0,0.00064506487,0.0,-0.10262000560760498
0.564339,48.832815170288086,0.0020127348,200.0,716,5,87968,0.0020127348,200.0,0.00078592735,0.0,0.3193734288215637
0.5580143,49.37676763534546,0.002390582,200.0,721,5,88968,0.002390582,200.0,0.00063967844,0.0,0.13523685932159424
0.560791,49.954418420791626,0.0034704916,200.0,726,5,89968,0.0034704916,200.0,0.00086894375,0.0,0.29145556688308716
0.5528778,50.44466423988342,0.0044640615,200.0,731,5,90968,0.0044640615,200.0,0.00088766054,0.0,-0.08687710762023926
0.55309284,50.973570823669434,0.0039744284,200.0,736,5,91968,0.0039744284,200.0,0.00096346496,0.0,0.008103907108306885
0.56736207,51.495861530303955,0.0025464643,200.0,742,6,93168,0.0025464643,200.0,0.0009915837,0.0,0.2827851176261902
0.55925405,52.035179138183594,0.0033286172,200.0,747,5,94168,0.0033286172,200.0,0.000838575,0.0,0.031083643436431885
0.553193,52.5481641292572,0.0028830315,200.0,752,5,95168,0.0028830315,200.0,0.0009152509,0.0,0.12033790349960327
0.5837755,53.14495062828064,0.0028526592,200.0,757,5,96168,0.0028526592,200.0,0.0010004502,0.0,0.0885501503944397
0.57526535,53.758150577545166,0.002839738,200.0,762,5,97168,0.002839738,200.0,0.0007910739,0.0,0.26959145069122314
0.5770449,54.329193353652954,0.0031618685,200.0,767,5,98168,0.0031618685,200.0,0.0007524007,0.0,0.385422945022583
0.565042,54.856375217437744,0.004535664,200.0,772,5,99168,0.004535664,200.0,0.00085992325,0.0,0.4732714295387268
0.55682254,55.437063455581665,0.006614279,200.0,777,5,100168,0.006614279,200.0,0.00091936986,0.0,0.03328579664230347
