entropy,TimeElapsed,EpisodesSoFar,EpLenMean,entloss,optimgain,TimestepsSoFar,EpRewMean,meankl,EpThisIter,ev_tdlam_before,surrgain
0.6923074,0.6832160949707031,50,19.15,0.0,0.00666774,1007,19.15,0.000856308,50,0.004712164402008057,0.00666774
0.68944037,1.1947343349456787,105,17.5,0.0,0.0070117004,2015,17.5,0.001077789,55,0.010205745697021484,0.0070117004
0.6854919,1.6836483478546143,141,28.6,0.0,0.008531962,3067,28.6,0.0011253785,36,0.0062177181243896484,0.008531962
0.67979276,2.198957920074463,176,30.15,0.0,0.010548596,4078,30.15,0.00088944053,35,0.01683908700942993,0.010548596
0.6739824,2.719546318054199,208,32.5,0.0,0.009451253,5069,32.5,0.00095510436,32,0.04293173551559448,0.009451253
0.6658139,3.264730930328369,235,35.725,0.0,0.006672815,6123,35.725,0.00091071136,27,-0.0006418228149414062,0.006672815
0.6559268,3.769346237182617,262,39.1,0.0,0.00716765,7167,39.1,0.0009393332,27,0.014737725257873535,0.00716765
0.65469897,4.288025140762329,277,43.675,0.0,0.0071514314,8096,43.675,0.00095842406,15,0.04922211170196533,0.0071514314
0.64283013,4.815576076507568,294,57.65,0.0,0.009144792,9215,57.65,0.0009759513,17,0.014921307563781738,0.009144792
0.63843787,5.30124306678772,305,71.5,0.0,0.0075997654,10145,71.5,0.00097261835,11,-0.0013337135314941406,0.0075997654
0.6257344,5.8434898853302,317,78.85,0.0,0.0072939633,11250,78.85,0.0009987594,12,0.009479224681854248,0.0072939633
0.6210445,6.358591794967651,328,85.725,0.0,0.007803309,12285,85.725,0.0009226736,11,0.002738356590270996,0.007803309
0.6185303,6.8955066204071045,335,99.95,0.0,0.006303672,13305,99.95,0.00072061294,7,0.024881422519683838,0.006303672
0.6246734,7.413339376449585,341,112.45,0.0,0.0043046777,14212,112.45,0.00078510935,6,0.0006383061408996582,0.0043046777
0.60395443,7.953017711639404,349,119.75,0.0,0.007799221,15334,119.75,0.00081975484,8,0.00013500452041625977,0.007799221
0.6016021,8.487746477127075,356,127.15,0.0,0.0049956045,16291,127.15,0.0007835853,7,4.374980926513672e-05,0.0049956045
0.60161924,9.010875940322876,363,138.775,0.0,0.0059921425,17379,138.775,0.00082427624,7,0.003606140613555908,0.0059921425
0.61196196,9.536451578140259,369,148.575,0.0,0.003091106,18428,148.575,0.0006735921,6,0.0028444528579711914,0.003091106
0.6079949,10.02535367012024,374,154.625,0.0,0.0041601006,19381,154.625,0.0009457186,5,0.0009667277336120605,0.0041601006
0.6066071,10.56803846359253,380,156.35,0.0,0.004278862,20317,156.35,0.00076978764,6,0.005805075168609619,0.004278862
0.5963863,11.115137815475464,386,162.3,0.0,0.0044717332,21323,162.3,0.00046439498,6,0.007576942443847656,0.0044717332
0.59090376,11.627348184585571,393,162.2,0.0,0.00566453,22474,162.2,0.0008259726,7,0.050860047340393066,0.00566453
0.60112953,12.158734798431396,398,170.075,0.0,0.0045363405,23419,170.075,0.0008231567,5,0.12720483541488647,0.0045363405
0.58030725,12.672484159469604,404,172.7,0.0,0.0064135217,24447,172.7,0.0008399541,6,0.2838171124458313,0.0064135217
0.59541523,13.178423643112183,409,175.125,0.0,0.0037309646,25433,175.125,0.00067686016,5,0.1259474754333496,0.0037309646
0.59487367,13.75287914276123,414,176.225,0.0,0.005949688,26430,176.225,0.00087414915,5,0.20184063911437988,0.005949688
0.59423566,14.269979476928711,420,179.225,0.0,0.005244319,27486,179.225,0.0009776205,6,0.2271522879600525,0.005244319
0.58418703,14.788849115371704,426,181.525,0.0,0.006630794,28584,181.525,0.0008448562,6,0.24821144342422485,0.006630794
0.5953335,15.284535646438599,431,184.725,0.0,0.0026074206,29580,184.725,0.0008006129,5,0.2889089584350586,0.0026074206
0.58168024,15.790950298309326,436,188.45,0.0,0.0038160784,30557,188.45,0.0008931437,5,0.10111689567565918,0.0038160784
0.5945853,16.323049783706665,441,188.45,0.0,0.00397153,31557,188.45,0.0008492498,5,0.0715646743774414,0.00397153
0.5925361,16.86496067047119,447,192.75,0.0,0.0036290244,32757,192.75,0.0008993718,6,0.16709643602371216,0.0036290244
0.5970788,17.380633115768433,452,193.175,0.0,0.0040897997,33757,193.175,0.00073773356,5,0.14170849323272705,0.0040897997
0.59376764,17.921103715896606,457,193.65,0.0,0.0055054277,34664,193.65,0.00089958403,5,0.13662922382354736,0.0055054277
0.56912124,18.465494632720947,463,192.45,0.0,0.005349437,35756,192.45,0.0006439252,6,0.10901373624801636,0.005349437
0.5815908,18.98226761817932,468,194.3,0.0,0.00474001,36756,194.3,0.00063233223,5,0.1110914945602417,0.00474001
0.59071356,19.510950565338135,473,194.4,0.0,0.004444356,37756,194.4,0.0009041197,5,0.3955543637275696,0.004444356
0.57599807,20.072416305541992,478,194.975,0.0,0.0031479585,38756,194.975,0.00058443093,5,0.01945596933364868,0.0031479585
0.5799736,20.57706117630005,483,194.975,0.0,0.002851306,39756,194.975,0.0007733191,5,0.20987308025360107,0.002851306
0.57580227,21.093488454818726,489,192.05,0.0,0.004409102,40839,192.05,0.0005981342,6,0.16711777448654175,0.004409102
0.5745214,21.640049934387207,494,191.85,0.0,0.0020809264,41831,191.85,0.0006525183,5,0.22658228874206543,0.0020809264
0.5847689,22.151412963867188,499,196.875,0.0,0.0018884209,42831,196.875,0.0005277211,5,0.19448226690292358,0.0018884209
0.57380736,22.66819167137146,505,196.875,0.0,0.003426349,44031,196.875,0.00070515886,6,0.1101917028427124,0.003426349
0.5798054,23.203301191329956,510,196.875,0.0,0.00512613,45031,196.875,0.00089050445,5,0.09452390670776367,0.00512613
0.5741818,23.729034185409546,515,196.875,0.0,0.0037020252,46031,196.875,0.0007790018,5,0.0812445878982544,0.0037020252
0.57360303,24.241780042648315,520,196.875,0.0,0.0023837727,47031,196.875,0.0006756318,5,0.1650126576423645,0.0023837727
0.5639503,24.810449600219727,526,192.75,0.0,0.0043531163,48058,192.75,0.00089755986,6,0.07845497131347656,0.0043531163
0.57039607,25.40930461883545,531,195.475,0.0,0.0055353353,49058,195.475,0.0010534015,5,0.2794938087463379,0.0055353353
0.56235456,25.935139894485474,536,195.675,0.0,0.004017045,50058,195.675,0.00071726355,5,0.008924543857574463,0.004017045
0.57801104,26.499197721481323,541,195.675,0.0,0.0052213594,51058,195.675,0.0007093033,5,0.2155839204788208,0.0052213594
0.58941585,26.998225450515747,546,195.675,0.0,0.002799148,52058,195.675,0.0006700583,5,0.00920337438583374,0.002799148
0.5638895,27.515090942382812,551,195.675,0.0,0.0049234936,53058,195.675,0.00084683544,5,0.14758914709091187,0.0049234936
0.56524354,28.068504095077515,557,194.8,0.0,0.0062431134,54223,194.8,0.0008282475,6,0.05306965112686157,0.0062431134
0.57468253,28.60628318786621,562,196.475,0.0,0.0036807328,55223,196.475,0.0010226534,5,0.03177213668823242,0.0036807328
0.5722662,29.1790668964386,567,199.125,0.0,0.004898848,56223,199.125,0.00075520476,5,0.107033371925354,0.004898848
0.5630241,29.75113821029663,572,197.725,0.0,0.0061476217,57167,197.725,0.00074338325,5,0.1158212423324585,0.0061476217
0.56944346,30.288278579711914,578,193.6,0.0,0.0061164754,58202,193.6,0.0008578957,6,0.03115600347518921,0.0061164754
0.58260995,30.830932140350342,583,193.6,0.0,0.00405672,59202,193.6,0.0008271205,5,0.00033032894134521484,0.00405672
0.5574517,31.351831197738647,589,193.6,0.0,0.0049080374,60402,193.6,0.00091674767,6,0.0017071366310119629,0.0049080374
0.5707507,31.880494356155396,594,193.6,0.0,0.0042029102,61402,193.6,0.00075730204,5,0.010989129543304443,0.0042029102
0.57996714,32.4260151386261,599,192.475,0.0,0.0066054785,62322,192.475,0.000759369,5,0.04294461011886597,0.0066054785
0.57504725,32.96722054481506,604,192.475,0.0,0.0025258276,63322,192.475,0.00050634216,5,0.11306750774383545,0.0025258276
0.5696415,33.48431634902954,610,193.275,0.0,0.006471757,64498,193.275,0.0009114682,6,0.06670719385147095,0.006471757
0.56840706,34.01696467399597,615,196.05,0.0,0.004164693,65444,196.05,0.0007605922,5,0.15194743871688843,0.004164693
0.5546746,34.56466031074524,621,191.975,0.0,0.007468242,66481,191.975,0.00076559867,6,0.1628391146659851,0.007468242
0.56140125,35.09459638595581,626,190.125,0.0,0.005910661,67407,190.125,0.0007268641,5,-0.030547380447387695,0.005910661
0.5649004,35.60033059120178,632,188.35,0.0,0.004528759,68536,188.35,0.0005021691,6,0.020075201988220215,0.004528759
0.5722985,36.13711714744568,637,190.35,0.0,0.004376933,69536,190.35,0.00058925594,5,0.10985618829727173,0.004376933
0.5615667,36.659154176712036,642,190.35,0.0,0.0051045436,70536,190.35,0.0007374493,5,0.04806208610534668,0.0051045436
0.56467295,37.22345519065857,647,190.475,0.0,0.0051103365,71536,190.475,0.0009690376,5,-0.010320425033569336,0.0051103365
0.56591094,37.79759740829468,652,192.3,0.0,0.004210484,72536,192.3,0.0005898202,5,0.03917962312698364,0.004210484
0.5670247,38.35183262825012,658,193.85,0.0,0.004790061,73709,193.85,0.0007582466,6,-0.033284664154052734,0.004790061
0.57553333,38.89433264732361,663,197.45,0.0,0.004060677,74709,197.45,0.000591481,5,-0.01667916774749756,0.004060677
0.576552,39.400532960891724,668,197.55,0.0,0.006493666,75709,197.55,0.0006599551,5,0.025594115257263184,0.006493666
0.57774657,39.94674110412598,673,197.725,0.0,0.0040443693,76645,197.725,0.0006088388,5,0.02241837978363037,0.0040443693
0.5555326,40.44798469543457,679,194.95,0.0,0.004897544,77734,194.95,0.00048231543,6,-0.013913631439208984,0.004897544
0.56320417,40.9740207195282,684,194.45,0.0,0.0051745325,78714,194.45,0.00066987274,5,-0.006011247634887695,0.0051745325
0.5842695,41.53693413734436,689,194.45,0.0,0.00443257,79714,194.45,0.0007295174,5,0.057369887828826904,0.00443257
0.58162004,42.11689615249634,694,194.45,0.0,0.0046900343,80714,194.45,0.00076539454,5,-0.022093653678894043,0.0046900343
0.5835078,42.65156435966492,700,194.925,0.0,0.0037283697,81906,194.925,0.0006116268,6,0.022611677646636963,0.0037283697
0.5725186,43.17489767074585,705,192.2,0.0,0.0062525487,82797,192.2,0.00062694406,5,0.2426885962486267,0.0062525487
0.57512194,43.71816873550415,711,191.275,0.0,0.0059555164,83960,191.275,0.00075661787,6,0.12569648027420044,0.0059555164
0.579883,44.254634380340576,716,190.75,0.0,0.0052099996,84875,190.75,0.00094099395,5,0.3463274836540222,0.0052099996
0.57931197,44.798240661621094,722,192.0,0.0,0.004420111,86014,192.0,0.0007365815,6,0.44736790657043457,0.004420111
0.5578085,45.33587694168091,727,191.775,0.0,0.0061492487,86985,191.775,0.00074835704,5,0.3191733956336975,0.0061492487
0.5695092,45.88747787475586,732,191.375,0.0,0.0038135226,87969,191.375,0.00066848093,5,0.0864633321762085,0.0038135226
0.55752575,46.42345905303955,737,191.575,0.0,0.002999578,88969,191.575,0.0006019622,5,0.006939351558685303,0.002999578
0.5652103,46.939034938812256,742,191.575,0.0,0.0033322184,89969,191.575,0.000661498,5,0.05013430118560791,0.0033322184
0.55933905,47.45494866371155,747,193.625,0.0,0.0039366367,90942,193.625,0.0008078443,5,0.0173836350440979,0.0039366367
0.57096374,48.01473546028137,753,194.55,0.0,0.004403606,92142,194.55,0.00083229155,6,0.22388029098510742,0.004403606
0.5548496,48.51810908317566,758,196.675,0.0,0.004390388,93142,196.675,0.00076045643,5,0.10350501537322998,0.004390388
0.56123126,49.06954836845398,763,198.2,0.0,0.0033690343,94142,198.2,0.0006143456,5,-0.007222652435302734,0.0033690343
0.55005944,49.577143907547,768,198.925,0.0,0.003638372,95142,198.925,0.0007370493,5,0.038883984088897705,0.003638372
0.5639838,50.09068465232849,773,197.575,0.0,0.0036043336,96072,197.575,0.0006869425,5,0.34940701723098755,0.0036043336
0.56898475,50.63488841056824,779,197.2,0.0,0.0043266974,97257,197.2,0.0007862044,6,0.041339874267578125,0.0043266974
0.5592648,51.192025661468506,784,195.45,0.0,0.0030343784,98187,195.45,0.00073376496,5,0.1084979772567749,0.0030343784
0.56438446,51.69951868057251,789,196.125,0.0,0.0058902833,99187,196.125,0.0006693903,5,0.03560233116149902,0.0058902833
0.566422,52.25541114807129,794,195.8,0.0,0.0033411998,100174,195.8,0.00080948434,5,0.026501476764678955,0.0033411998
