entloss,EpLenMean,meankl,EpThisIter,optimgain,entropy,TimestepsSoFar,EpRewMean,TimeElapsed,surrgain,EpisodesSoFar,ev_tdlam_before
0.0,26.68421052631579,0.0009186062,38,0.0054170704,0.69220686,1014,26.68421,0.7089972496032715,0.0054170704,38,-0.0013976097106933594
0.0,22.325,0.0009233952,46,0.006427194,0.6895397,2026,22.325,1.223231315612793,0.006427194,84,0.005553066730499268
0.0,24.025,0.0009699255,42,0.0068618897,0.6851579,3029,24.025,1.7782328128814697,0.0068618897,126,-0.002941727638244629
0.0,26.4,0.0009923913,38,0.0067860438,0.67855775,4050,26.4,2.330024480819702,0.0067860438,164,0.00488436222076416
0.0,30.05,0.00093169353,32,0.008455226,0.6737852,5072,30.05,2.858765125274658,0.008455226,196,0.016398727893829346
0.0,37.125,0.00084800896,22,0.005200364,0.6702049,6097,37.125,3.4262022972106934,0.005200364,218,0.029542505741119385
0.0,45.825,0.00091609266,22,0.006161256,0.66317713,7046,45.825,3.997788190841675,0.006161256,240,0.01188814640045166
0.0,52.7,0.00093964115,17,0.0066933683,0.64905846,8173,52.7,4.537452697753906,0.0066933683,257,0.0071010589599609375
0.0,62.0,0.0009194652,14,0.006602641,0.6486714,9173,62.0,5.0865418910980225,0.006602641,271,0.008132517337799072
0.0,64.95,0.00075589074,15,0.0055679567,0.6405593,10210,64.95,5.59922981262207,0.0055679567,286,0.003628551959991455
0.0,73.625,0.00091600226,12,0.006358741,0.63711053,11207,73.625,6.114146709442139,0.006358741,298,0.00766909122467041
0.0,82.8,0.0008683109,10,0.005362342,0.62469923,12156,82.8,6.662030220031738,0.005362342,308,0.0023137927055358887
0.0,91.0,0.0006022992,7,0.0038472328,0.62992156,13223,91.0,7.1963279247283936,0.0038472328,315,0.0022769570350646973
0.0,106.45,0.0006313304,7,0.005226264,0.6337755,14236,106.45,7.728511810302734,0.005226264,322,0.0006353855133056641
0.0,121.825,0.00088069716,8,0.005310602,0.6111355,15301,121.825,8.311063528060913,0.005310602,330,0.00041931867599487305
0.0,129.7,0.000615968,7,0.003430884,0.62572455,16341,129.7,8.889511823654175,0.003430884,337,0.0008776187896728516
0.0,142.15,0.0008007269,7,0.0042217663,0.6103001,17408,142.15,9.394837141036987,0.0042217663,344,0.0007002949714660645
0.0,139.325,0.000947583,8,0.0071729943,0.6028659,18403,139.325,9.923906326293945,0.0071729943,352,0.0008599162101745605
0.0,143.3,0.0009988623,6,0.0052656876,0.6130601,19420,143.3,10.539972066879272,0.0052656876,358,0.00017267465591430664
0.0,148.2,0.00073636847,5,0.0036615636,0.6170354,20284,148.2,11.076314210891724,0.0036615636,363,0.0003573298454284668
0.0,154.925,0.00067916856,6,0.0038496028,0.59757847,21366,154.925,11.587444305419922,0.0038496028,369,0.00042933225631713867
0.0,160.15,0.0004601418,5,0.0026123659,0.608251,22366,160.15,12.14447808265686,0.0026123659,374,0.00013273954391479492
0.0,166.675,0.00080980244,6,0.0065993574,0.6106372,23544,166.675,12.67451000213623,0.0065993574,380,0.0002880692481994629
0.0,175.275,0.0007222651,5,0.004268116,0.61023104,24544,175.275,13.195672035217285,0.004268116,385,0.0001939535140991211
0.0,184.2,0.00078267383,5,0.0048986226,0.6185221,25509,184.2,13.750027418136597,0.0048986226,390,8.058547973632812e-05
0.0,187.2,0.00055155344,5,0.0046476107,0.6086842,26491,187.2,14.298793315887451,0.0046476107,395,0.000457763671875
0.0,190.825,0.0007940602,6,0.003649919,0.6108558,27607,190.825,14.804984331130981,0.003649919,401,-7.62939453125e-05
0.0,189.95,0.00069171004,5,0.0054959613,0.5940176,28479,189.95,15.33092212677002,0.0054959613,406,0.00011795759201049805
0.0,185.625,0.0007359798,7,0.0034502158,0.5961442,29591,185.625,15.860301494598389,0.0034502158,413,-9.09566879272461e-05
0.0,185.5,0.0005514354,5,0.0026262621,0.61098146,30573,185.5,16.378522157669067,0.0026262621,418,-3.135204315185547e-05
0.0,179.525,0.0011149484,7,0.005918132,0.5893563,31725,179.525,16.94443678855896,0.005918132,425,-4.3272972106933594e-05
0.0,179.675,0.0009371113,5,0.0049429573,0.58856875,32696,179.675,17.465607166290283,0.0049429573,430,-5.507469177246094e-05
0.0,179.55,0.00065080007,5,0.002981276,0.60142636,33673,179.55,17.997657537460327,0.002981276,435,-6.854534149169922e-05
0.0,177.475,0.001032423,6,0.005912474,0.5911975,34706,177.475,18.55351448059082,0.005912474,441,-5.829334259033203e-05
0.0,179.4,0.0007371792,5,0.0034576273,0.6079355,35655,179.4,19.099458932876587,0.0034576273,446,-6.949901580810547e-05
0.0,181.4,0.0007283173,7,0.004625599,0.5929193,36847,181.4,19.62376570701599,0.004625599,453,-8.618831634521484e-05
0.0,177.725,0.0006592035,6,0.00500484,0.59746265,37864,177.725,20.169806957244873,0.00500484,459,-5.9723854064941406e-05
0.0,180.975,0.0007903458,5,0.004457651,0.5942788,38795,180.975,20.713507413864136,0.004457651,464,-5.4836273193359375e-05
0.0,179.4,0.0009170403,6,0.0052734697,0.60168046,39872,179.4,21.24233889579773,0.0052734697,470,-7.081031799316406e-05
0.0,179.425,0.00078793,5,0.0050764405,0.61659116,40850,179.425,21.766520261764526,0.0050764405,475,-6.079673767089844e-05
0.0,183.6,0.00082296814,5,0.0052392967,0.5853761,41850,183.6,22.258472442626953,0.0052392967,480,-1.0013580322265625e-05
0.0,184.875,0.0006740911,5,0.004586394,0.58801687,42850,184.875,22.789066553115845,0.004586394,485,-6.628036499023438e-05
0.0,187.275,0.00057551777,6,0.0033099053,0.5930405,44011,187.275,23.357568740844727,0.0033099053,491,-5.316734313964844e-05
0.0,190.725,0.0007805377,5,0.0030929074,0.5862589,44942,190.725,23.90151023864746,0.0030929074,496,-3.4689903259277344e-05
0.0,191.675,0.00056617265,5,0.0039455798,0.5952507,45915,191.675,24.400668382644653,0.0039455798,501,-3.5881996154785156e-05
0.0,193.725,0.0006995177,6,0.003562665,0.5796,47021,193.725,24.955981254577637,0.003562665,507,-4.4465065002441406e-05
0.0,189.425,0.00092966645,6,0.0064615635,0.58865553,48049,189.425,25.499083518981934,0.0064615635,513,-7.617473602294922e-05
0.0,189.975,0.0005318124,5,0.003908427,0.5961016,49049,189.975,25.99625515937805,0.003908427,518,-3.790855407714844e-05
0.0,189.975,0.0007659667,5,0.003712016,0.5903312,50049,189.975,26.558347463607788,0.003712016,523,-3.5881996154785156e-05
0.0,190.95,0.0007853722,5,0.004315161,0.5957699,51049,190.95,27.092979907989502,0.004315161,528,-3.921985626220703e-05
0.0,190.95,0.0008319035,5,0.0042423983,0.5923289,52049,190.95,27.605412244796753,0.0042423983,533,-8.225440979003906e-06
0.0,190.15,0.0008231108,6,0.0044300016,0.59997034,53148,190.15,28.148208379745483,0.0044300016,539,1.3113021850585938e-06
0.0,191.025,0.0009440293,5,0.0022366138,0.5893011,54148,191.025,28.66746425628662,0.0022366138,544,2.9802322387695312e-06
0.0,193.575,0.00067896047,6,0.0051704794,0.5885109,55289,193.575,29.187144994735718,0.0051704794,550,-1.8477439880371094e-05
0.0,196.0,0.0006876192,5,0.0037933034,0.57271636,56289,196.0,29.754640817642212,0.0037933034,555,1.5914440155029297e-05
0.0,193.95,0.0006838697,5,0.0036400517,0.5766417,57207,193.95,30.26189422607422,0.0036400517,560,1.71661376953125e-05
0.0,193.95,0.0006549477,5,0.002815247,0.59518546,58207,193.95,30.752657175064087,0.002815247,565,5.543231964111328e-06
0.0,193.95,0.00070664065,5,0.0018999998,0.58622956,59207,193.95,31.309107780456543,0.0018999998,570,8.344650268554688e-07
0.0,193.325,0.0009214771,6,0.0055535324,0.5787959,60281,193.325,31.815460443496704,0.0055535324,576,8.344650268554688e-07
0.0,193.325,0.00096746476,5,0.0037982075,0.57490945,61281,193.325,32.35285139083862,0.0037982075,581,2.8014183044433594e-06
0.0,193.325,0.000760049,5,0.0049627377,0.5838669,62271,193.325,32.87393617630005,0.0049627377,586,-7.748603820800781e-06
0.0,191.0,0.0006618069,6,0.0037583557,0.60567755,63329,191.0,33.35285496711731,0.0037583557,592,8.58306884765625e-06
0.0,189.3,0.00066629855,6,0.004924495,0.5727408,64379,189.3,33.90116906166077,0.004924495,598,-9.5367431640625e-06
0.0,187.975,0.00063255924,6,0.0028674928,0.5765634,65526,187.975,34.43721127510071,0.0028674928,604,-4.0531158447265625e-06
0.0,187.975,0.0008075849,5,0.003258053,0.5815089,66526,187.975,34.94710445404053,0.003258053,609,6.020069122314453e-06
0.0,187.975,0.0008325516,5,0.002052825,0.5701878,67526,187.975,35.47701454162598,0.002052825,614,7.867813110351562e-06
0.0,191.125,0.0007970955,5,0.003395706,0.5891891,68526,191.125,36.002939224243164,0.003395706,619,-5.960464477539062e-07
0.0,191.125,0.0007180957,5,0.003711195,0.58773917,69526,191.125,36.50338101387024,0.003711195,624,1.9073486328125e-06
0.0,194.175,0.0006252628,5,0.0029147866,0.57528245,70496,194.175,37.02970600128174,0.0029147866,629,1.5854835510253906e-05
0.0,193.4,0.00093320885,6,0.0032007275,0.5834541,71665,193.4,37.53960943222046,0.0032007275,635,5.543231964111328e-06
0.0,189.5,0.0009278244,6,0.0062639033,0.5744325,72559,189.5,38.063762187957764,0.0062639033,641,-4.887580871582031e-06
0.0,185.2,0.00080325396,6,0.005827156,0.57784903,73534,185.2,38.60188364982605,0.005827156,647,4.649162292480469e-06
0.0,183.825,0.00081999635,6,0.0042682937,0.5762234,74679,183.825,39.12924575805664,0.0042682937,653,-3.0994415283203125e-06
0.0,183.825,0.0009664306,5,0.0046329116,0.5736195,75679,183.825,39.6477165222168,0.0046329116,658,1.8596649169921875e-05
0.0,183.825,0.00090998586,5,0.0034704055,0.5794189,76679,183.825,40.17041325569153,0.0034704055,663,2.980232238769531e-07
0.0,182.925,0.0007042083,6,0.0045242407,0.565796,77813,182.925,40.679826974868774,0.0045242407,669,1.7583370208740234e-05
0.0,181.875,0.0008259156,5,0.00513489,0.56734586,78740,181.875,41.20431399345398,0.00513489,674,4.2557716369628906e-05
0.0,186.875,0.00087584165,5,0.0038087089,0.57376754,79699,186.875,41.747851848602295,0.0038087089,679,2.4139881134033203e-05
0.0,187.65,0.0008708273,7,0.0039660325,0.56835747,80840,187.65,42.25994634628296,0.0039660325,686,2.562999725341797e-06
0.0,187.65,0.0008755575,5,0.0045290054,0.561995,81840,187.65,42.796897411346436,0.0045290054,691,1.0311603546142578e-05
0.0,188.65,0.00066808576,5,0.0053672204,0.56078637,82825,188.65,43.33337330818176,0.0053672204,696,5.066394805908203e-06
0.0,188.65,0.00086443627,5,0.0025327671,0.5618835,83825,188.65,43.84416675567627,0.0025327671,701,1.9669532775878906e-06
0.0,187.025,0.0007736833,6,0.0038216023,0.56058294,84894,187.025,44.339662075042725,0.0038216023,707,-3.4570693969726562e-06
0.0,188.85,0.00068323355,5,0.002458603,0.5421444,85894,188.85,44.89085936546326,0.002458603,712,6.556510925292969e-07
0.0,188.85,0.0010106564,5,0.004404638,0.5638634,86894,188.85,45.39980220794678,0.004404638,717,-6.4373016357421875e-06
0.0,192.55,0.0008248135,5,0.005688117,0.5502906,87894,192.55,45.95430541038513,0.005688117,722,1.430511474609375e-06
0.0,196.35,0.0009552386,5,0.0031009086,0.57102525,88894,196.35,46.48422431945801,0.0031009086,727,0.0
0.0,189.15,0.00058234873,7,0.0041502854,0.5520411,90006,189.15,46.97587847709656,0.0041502854,734,1.4960765838623047e-05
0.0,185.65,0.0007530686,6,0.0057575214,0.5603956,91051,185.65,47.51449537277222,0.0057575214,740,2.5391578674316406e-05
0.0,186.825,0.00063641963,5,0.0047244243,0.54965615,91967,186.825,48.04110360145569,0.0047244243,745,5.125999450683594e-06
0.0,186.225,0.0006057543,6,0.004302334,0.5514481,93143,186.225,48.569854736328125,0.004302334,751,4.76837158203125e-06
0.0,186.225,0.0008703095,5,0.0030713144,0.5611177,94143,186.225,49.1202917098999,0.0030713144,756,-1.1920928955078125e-07
0.0,186.225,0.00079696404,5,0.00566884,0.54562205,95143,186.225,49.659037590026855,0.00566884,761,3.6954879760742188e-06
0.0,186.225,0.00050246844,5,0.0019118898,0.5553078,96143,186.225,50.15919589996338,0.0019118898,766,1.0728836059570312e-06
0.0,184.35,0.00068134593,6,0.002488337,0.5548289,97204,184.35,50.691646337509155,0.002488337,772,8.106231689453125e-06
0.0,191.925,0.0007851487,5,0.002857389,0.5602298,98204,191.925,51.21524095535278,0.002857389,777,4.76837158203125e-07
0.0,194.475,0.00081412744,5,0.0047934325,0.57242566,99204,194.475,51.720580101013184,0.0047934325,782,9.655952453613281e-06
0.0,195.925,0.000620101,5,0.0034005595,0.5719516,100204,195.925,52.26141667366028,0.0034005595,787,-2.6226043701171875e-06
