EpLenMean,optimgain,EpisodesSoFar,EpRewMean,TimeElapsed,entloss,meankl,surrgain,entropy,ev_tdlam_before,TimestepsSoFar,EpThisIter
21.45,0.0060560657,45,21.45,0.5598654747009277,0.0,0.00090309756,0.0060560657,0.6922889,0.0023669004440307617,1024,45
25.175,0.005725325,84,25.175,1.0085368156433105,0.0,0.0010430651,0.005725325,0.6895745,0.0016118884086608887,2014,39
28.975,0.006847308,117,28.975,1.4962728023529053,0.0,0.0009948766,0.006847308,0.6856022,-0.0002815723419189453,3034,33
27.125,0.010402994,154,27.125,1.9606378078460693,0.0,0.0010233867,0.010402994,0.678472,0.0010794401168823242,4070,37
26.75,0.007302839,193,26.75,2.4587743282318115,0.0,0.0009592029,0.007302839,0.6703055,0.003814697265625,5116,39
31.65,0.008528145,219,31.65,2.942354679107666,0.0,0.0009669951,0.008528145,0.66666484,0.0009960532188415527,6127,26
41.575,0.0076300437,244,41.575,3.4108712673187256,0.0,0.0010153798,0.0076300437,0.65571713,-0.007618308067321777,7159,25
47.275,0.0060891574,263,47.275,3.937790870666504,0.0,0.0009361709,0.0060891574,0.6490224,-0.006969451904296875,8171,19
55.325,0.0077473107,278,55.325,4.3811116218566895,0.0,0.0008698812,0.0077473107,0.64560485,-0.003824591636657715,9165,15
64.775,0.008400274,293,64.775,4.902599096298218,0.0,0.000980274,0.008400274,0.6360549,0.006990015506744385,10194,15
70.525,0.006974248,307,70.525,5.399894714355469,0.0,0.0008931295,0.006974248,0.61976564,0.004237353801727295,11246,14
78.125,0.005349609,317,78.125,5.880479574203491,0.0,0.00081026583,0.005349609,0.626012,0.0033355355262756348,12261,10
90.175,0.0060423017,325,90.175,6.430371046066284,0.0,0.0008252824,0.0060423017,0.6186038,-0.008212924003601074,13222,8
104.125,0.0061693285,331,104.125,6.966050148010254,0.0,0.0010533929,0.0061693285,0.6315348,0.015261352062225342,14206,6
116.025,0.0065714354,339,116.025,7.460374355316162,0.0,0.00087294856,0.0065714354,0.61292076,0.026833534240722656,15358,8
127.925,0.0038645898,345,127.925,7.994648694992065,0.0,0.0007918264,0.0038645898,0.6192209,0.018275976181030273,16188,6
141.125,0.006908847,353,141.125,8.463166236877441,0.0,0.00084907387,0.006908847,0.59760475,0.02574169635772705,17378,8
148.05,0.0046988856,359,148.05,8.948125123977661,0.0,0.0008097559,0.0046988856,0.618693,0.025287508964538574,18421,6
148.45,0.008573046,366,148.45,9.464120626449585,0.0,0.0007710991,0.008573046,0.6161284,0.00982367992401123,19305,7
147.6,0.00534767,373,147.6,9.923324346542358,0.0,0.0007104941,0.00534767,0.60718155,0.029247164726257324,20477,7
151.7,0.0049203644,378,151.7,10.376110792160034,0.0,0.00050297764,0.0049203644,0.5935403,0.0069732666015625,21366,5
157.875,0.005785043,384,157.875,10.845832824707031,0.0,0.00064018584,0.005785043,0.61269665,0.014522194862365723,22460,6
163.25,0.004328532,389,163.25,11.32925820350647,0.0,0.0008136858,0.004328532,0.60541785,0.00934213399887085,23460,5
168.825,0.006404042,395,168.825,11.848511695861816,0.0,0.000617987,0.006404042,0.5961357,0.010944664478302002,24523,6
173.6,0.004642957,400,173.6,12.347172260284424,0.0,0.00070633634,0.004642957,0.6052997,0.01587069034576416,25495,5
180.125,0.004134299,405,180.125,12.864357233047485,0.0,0.0006250327,0.004134299,0.59917367,0.006139934062957764,26461,5
184.2,0.008636098,411,184.2,13.377252101898193,0.0,0.00083117257,0.008636098,0.6089334,0.006132781505584717,27537,6
187.125,0.0037240537,417,187.125,13.86977767944336,0.0,0.0004547636,0.0037240537,0.6006707,0.0016701221466064453,28651,6
187.825,0.006393261,422,187.825,14.428438425064087,0.0,0.0007829349,0.006393261,0.5975642,0.008192300796508789,29606,5
185.775,0.0040121283,428,185.775,14.92185664176941,0.0,0.00031145092,0.0040121283,0.5844177,-0.00347900390625,30691,6
186.825,0.0043864907,433,186.825,15.421278238296509,0.0,0.00066875,0.0043864907,0.5794796,0.0017922520637512207,31663,5
188.0,0.0033404692,438,188.0,15.959705352783203,0.0,0.00050898665,0.0033404692,0.5998068,-0.0014493465423583984,32632,5
189.175,0.0048053702,443,189.175,16.485177516937256,0.0,0.00082992704,0.0048053702,0.5936882,-0.0021973848342895508,33628,5
189.6,0.005350898,449,189.6,17.01349449157715,0.0,0.0007067966,0.005350898,0.59828013,0.001339256763458252,34777,6
191.725,0.0040864316,454,191.725,17.530131816864014,0.0,0.00082666765,0.0040864316,0.6066145,0.001977264881134033,35777,5
193.15,0.0027995934,459,193.15,17.977335691452026,0.0,0.0007677723,0.0027995934,0.5945765,-0.00018894672393798828,36777,5
194.2,0.004983845,464,194.2,18.46133518218994,0.0,0.00080292905,0.004983845,0.58887446,0.01146388053894043,37747,5
196.4,0.0040264404,469,196.4,18.938121557235718,0.0,0.0005306995,0.0040264404,0.59796584,0.0018383264541625977,38747,5
197.025,0.0032202378,474,197.025,19.425671339035034,0.0,0.0007233169,0.0032202378,0.592327,0.0014647841453552246,39744,5
197.775,0.0040442506,480,197.775,19.93428635597229,0.0,0.00092120736,0.0040442506,0.6064583,-0.000700831413269043,40943,6
196.825,0.00621494,485,196.825,20.412025928497314,0.0,0.00076254277,0.00621494,0.5989329,0.0006032586097717285,41868,5
192.15,0.0047466564,491,192.15,20.931516408920288,0.0,0.00060214277,0.0047466564,0.5997019,-0.001022934913635254,42863,6
192.15,0.0046415767,496,192.15,21.40409564971924,0.0,0.0008236954,0.0046415767,0.60269797,4.827976226806641e-06,43863,5
186.375,0.005879133,503,186.375,21.863625288009644,0.0,0.0007984252,0.005879133,0.5925398,-0.0015662908554077148,45032,7
185.425,0.0059298933,508,185.425,22.352522134780884,0.0,0.0006868079,0.0059298933,0.6002583,-0.00024008750915527344,45964,5
184.975,0.0032966055,513,184.975,22.83513569831848,0.0,0.0009400432,0.0032966055,0.5892018,-0.0011565685272216797,46943,5
183.175,0.0052448143,519,183.175,23.32387638092041,0.0,0.0008914989,0.0052448143,0.57685053,-0.0009207725524902344,48070,6
180.375,0.004724742,525,180.375,23.79131841659546,0.0,0.0007925158,0.004724742,0.5753694,-0.0009760856628417969,49083,6
182.15,0.0035284602,530,182.15,24.271912574768066,0.0,0.0006108864,0.0035284602,0.5831964,-0.0016865730285644531,50083,5
185.5,0.00501723,535,185.5,24.765597820281982,0.0,0.0008014692,0.00501723,0.5816151,3.528594970703125e-05,51083,5
187.85,0.004142983,540,187.85,25.248015642166138,0.0,0.000802725,0.004142983,0.57918096,-0.0008096694946289062,52032,5
191.7,0.004610489,546,191.7,25.74229121208191,0.0,0.00086867565,0.004610489,0.5795071,-0.0007240772247314453,53232,6
190.725,0.004445575,551,190.725,26.21818971633911,0.0,0.00058424444,0.004445575,0.5814322,-0.0011756420135498047,54193,5
191.2,0.004321163,556,191.2,26.697502851486206,0.0,0.00058574136,0.004321163,0.5837946,-0.0005019903182983398,55191,5
193.775,0.003971208,562,193.775,27.19204020500183,0.0,0.00055084116,0.003971208,0.57800305,-0.0009806156158447266,56234,6
191.4,0.006576715,568,191.4,27.66028928756714,0.0,0.0007888452,0.006576715,0.5766257,-0.0009208917617797852,57339,6
191.4,0.005637958,573,191.4,28.1489098072052,0.0,0.00078674004,0.005637958,0.5743475,-0.000729680061340332,58339,5
191.9,0.0038461054,578,191.9,28.62077808380127,0.0,0.0008054186,0.0038461054,0.58306694,-0.00039827823638916016,59329,5
189.325,0.003962476,584,189.325,29.0937020778656,0.0,0.0005616868,0.003962476,0.5766614,0.0002923011779785156,60405,6
189.05,0.0066354433,589,189.05,29.610044240951538,0.0,0.00067870296,0.0066354433,0.55285656,-0.00016200542449951172,61394,5
186.85,0.007282519,594,186.85,30.096253395080566,0.0,0.00071804074,0.007282519,0.55991244,0.00014144182205200195,62265,5
187.25,0.004158091,600,187.25,30.55692195892334,0.0,0.00085854775,0.004158091,0.5743524,-0.0004183053970336914,63439,6
189.075,0.009619463,605,189.075,31.022709846496582,0.0,0.00072100037,0.009619463,0.5644711,0.00465160608291626,64397,5
189.425,0.005308195,611,189.425,31.50490641593933,0.0,0.0006651648,0.005308195,0.5721778,-0.0007551908493041992,65516,6
189.675,0.00535011,616,189.675,32.028043270111084,0.0,0.0009843237,0.00535011,0.56199855,0.0002835392951965332,66516,5
188.225,0.004499369,621,188.225,32.50418448448181,0.0,0.0006344798,0.004499369,0.55173373,-0.00014483928680419922,67437,5
190.8,0.0052087647,626,190.8,32.97350263595581,0.0,0.00066043605,0.0052087647,0.5581536,-0.000209808349609375,68437,5
194.3,0.0058246874,631,194.3,33.46861433982849,0.0,0.0009020073,0.0058246874,0.5746773,-8.368492126464844e-05,69437,5
194.3,0.0026734043,637,194.3,33.963157176971436,0.0,0.00078141654,0.0026734043,0.5645875,-0.0003076791763305664,70637,6
194.95,0.00455855,642,194.95,34.469207763671875,0.0,0.000699261,0.00455855,0.5678968,2.3305416107177734e-05,71637,5
196.0,0.0036605718,647,196.0,34.94338536262512,0.0,0.00062030996,0.0036605718,0.543937,0.00041294097900390625,72637,5
198.025,0.00423174,652,198.025,35.44154596328735,0.0,0.00073018,0.00423174,0.5405462,0.00020241737365722656,73637,5
198.025,0.0042338353,657,198.025,35.921958923339844,0.0,0.0006849348,0.0042338353,0.5559139,-0.00011396408081054688,74637,5
200.0,0.005561837,662,200.0,36.41397023200989,0.0,0.0010411036,0.005561837,0.5485449,4.369020462036133e-05,75637,5
200.0,0.0041755494,667,200.0,36.915106534957886,0.0,0.0008149819,0.0041755494,0.5613554,-8.046627044677734e-05,76637,5
200.0,0.005790996,672,200.0,37.38654327392578,0.0,0.0005501284,0.005790996,0.55755925,0.00019061565399169922,77637,5
200.0,0.0072453385,678,200.0,37.90910482406616,0.0,0.0008646714,0.0072453385,0.5467335,-5.555152893066406e-05,78837,6
200.0,0.0027518224,683,200.0,38.40241813659668,0.0,0.0006351721,0.0027518224,0.56629026,-9.572505950927734e-05,79837,5
200.0,0.004539509,688,200.0,38.89594769477844,0.0,0.0007501392,0.004539509,0.54493356,5.608797073364258e-05,80837,5
198.125,0.0055898055,693,198.125,39.42229723930359,0.0,0.0007695032,0.0055898055,0.55672115,5.453824996948242e-05,81762,5
198.125,0.0044555934,698,198.125,39.886651039123535,0.0,0.0005945517,0.0044555934,0.53652096,0.00011199712753295898,82762,5
197.325,0.004738476,704,197.325,40.394888162612915,0.0,0.0007121141,0.004738476,0.55735636,2.5451183319091797e-05,83930,6
197.325,0.0041847983,709,197.325,40.85767412185669,0.0,0.00057222805,0.0041847983,0.55289716,0.00015974044799804688,84930,5
197.325,0.0054191044,714,197.325,41.343682289123535,0.0,0.0009196379,0.0054191044,0.55570877,0.00031626224517822266,85930,5
197.325,0.005217565,719,197.325,41.85354447364807,0.0,0.000639453,0.005217565,0.54591763,0.00022810697555541992,86930,5
196.675,0.0047921715,724,196.675,42.32309532165527,0.0,0.0008311486,0.0047921715,0.5561006,-6.341934204101562e-05,87904,5
196.675,0.0060656797,729,196.675,42.79355454444885,0.0,0.0008534308,0.0060656797,0.55710703,0.0002568364143371582,88904,5
198.55,0.007683601,735,198.55,43.28561735153198,0.0,0.00075680425,0.007683601,0.5644313,0.0002828240394592285,90104,6
196.6,0.0054941475,740,196.6,43.77986741065979,0.0,0.0006658031,0.0054941475,0.54933476,5.269050598144531e-05,91026,5
196.875,0.0052036354,745,196.875,44.2926812171936,0.0,0.00081875053,0.0052036354,0.55415714,-3.266334533691406e-05,92005,5
194.475,0.008046964,751,194.475,44.77348303794861,0.0,0.0009011051,0.008046964,0.5589016,8.51750373840332e-05,93109,6
194.475,0.007806903,756,194.475,45.24174356460571,0.0,0.00089631556,0.007806903,0.5535642,3.62396240234375e-05,94109,5
194.475,0.004423771,761,194.475,45.71879768371582,0.0,0.000714644,0.004423771,0.58055246,6.67572021484375e-06,95109,5
192.15,0.0050713215,767,192.15,46.2056348323822,0.0,0.00066194567,0.0050713215,0.5469313,0.0001652240753173828,96190,6
192.15,0.0035818066,772,192.15,46.686655044555664,0.0,0.0008276714,0.0035818066,0.56621826,-6.16312026977539e-05,97190,5
194.1,0.006762489,777,194.1,47.15430808067322,0.0,0.0009752929,0.006762489,0.5623354,0.00016325712203979492,98190,5
194.1,0.0060984315,782,194.1,47.625828981399536,0.0,0.00057226577,0.0060984315,0.5378437,0.0001398921012878418,99190,5
195.325,0.0053928727,787,195.325,48.1237907409668,0.0,0.00088795344,0.0053928727,0.5583983,8.100271224975586e-05,100190,5
