meankl,entropy,TimestepsSoFar,ev_tdlam_before,entloss,EpisodesSoFar,surrgain,EpLenMean,EpRewMean,optimgain,TimeElapsed,EpThisIter
0.00047743236,0.69258034,982,-0.0006707906723022461,0.0,42,0.0058023296,23.525,23.525,0.0058023296,0.6349859237670898,42
0.0004704431,0.69098693,2037,0.003135085105895996,0.0,93,0.005237138,20.375,20.375,0.005237138,1.1649127006530762,51
0.00050122035,0.68894655,3046,0.0030183792114257812,0.0,130,0.005764438,26.375,26.375,0.005764438,1.7264375686645508,37
0.0005039916,0.6857723,4078,-0.010019063949584961,0.0,169,0.007338032,26.05,26.05,0.007338032,2.2557878494262695,39
0.00050978805,0.6818119,5089,0.02126765251159668,0.0,206,0.0060766498,28.55,28.55,0.0060766498,2.7671451568603516,37
0.00048769,0.67742634,6110,-0.011130213737487793,0.0,244,0.0056096683,26.75,26.75,0.0056096683,3.323636293411255,38
0.00052297,0.67329776,7161,0.007945895195007324,0.0,274,0.0053976336,31.825,31.825,0.0053976336,3.909546136856079,30
0.00047105452,0.6667943,8189,0.015220344066619873,0.0,302,0.006066587,36.575,36.575,0.006066587,4.443169593811035,28
0.00045649064,0.65879023,9166,0.015263080596923828,0.0,331,0.0058841463,33.65,33.65,0.0058841463,4.987834930419922,29
0.00047842396,0.6615605,10177,0.010707736015319824,0.0,350,0.0054157395,40.025,40.025,0.0054157395,5.54798150062561,19
0.0004096039,0.6501415,11204,0.010084450244903564,0.0,370,0.0055737896,51.4,51.4,0.0055737896,6.0790839195251465,20
0.00043920724,0.6394839,12188,0.009982168674468994,0.0,389,0.004941984,51.5,51.5,0.004941984,6.638895750045776,19
0.00042534908,0.64767814,13243,0.029827892780303955,0.0,401,0.004134709,59.15,59.15,0.004134709,7.162784814834595,12
0.00042567326,0.6362908,14232,-0.00286257266998291,0.0,414,0.0047905142,69.1,69.1,0.0047905142,7.717721939086914,13
0.0003804039,0.6330711,15290,0.018686771392822266,0.0,426,0.004751059,82.575,82.575,0.004751059,8.252676248550415,12
0.00047367503,0.62621677,16375,0.014742732048034668,0.0,437,0.0053896396,85.25,85.25,0.0053896396,8.82584810256958,11
0.0004023692,0.62437546,17304,0.0026909708976745605,0.0,446,0.004730339,91.275,91.275,0.004730339,9.41719937324524,9
0.00038410455,0.62063915,18414,0.011736273765563965,0.0,456,0.004033491,98.175,98.175,0.004033491,9.96390414237976,10
0.00043641764,0.6222406,19260,0.029571235179901123,0.0,463,0.0050063655,105.05,105.05,0.0050063655,10.524377584457397,7
0.00037157722,0.61514336,20367,0.06233769655227661,0.0,470,0.004896285,114.4,114.4,0.004896285,11.091936111450195,7
0.0002549944,0.6203126,21444,0.08515959978103638,0.0,477,0.003072716,126.725,126.725,0.003072716,11.623551607131958,7
0.0003323752,0.6178832,22469,0.07014656066894531,0.0,484,0.0032597417,133.45,133.45,0.0032597417,12.186244249343872,7
0.00039836793,0.6117444,23403,0.08227002620697021,0.0,489,0.0027866042,139.925,139.925,0.0027866042,12.794878005981445,5
0.0003579278,0.6112366,24440,0.100788414478302,0.0,496,0.004060044,150.65,150.65,0.004060044,13.359245777130127,7
0.00033670652,0.6089641,25439,0.02568793296813965,0.0,502,0.0037783408,156.4,156.4,0.0037783408,13.90120267868042,6
0.0004108337,0.60326385,26502,0.14937102794647217,0.0,509,0.0044767787,156.975,156.975,0.0044767787,14.52925705909729,7
0.00034219262,0.5981951,27509,0.1211082935333252,0.0,515,0.002855518,159.5,159.5,0.002855518,15.131798267364502,6
0.00039839983,0.61303824,28622,0.13304239511489868,0.0,521,0.0043811095,165.9,165.9,0.0043811095,15.690853834152222,6
0.00028133916,0.6103139,29528,0.26172375679016113,0.0,526,0.0019840717,167.275,167.275,0.0019840717,16.242690563201904,5
0.00037128705,0.6027467,30528,0.044135332107543945,0.0,531,0.0027483806,169.075,169.075,0.0027483806,16.838102340698242,5
0.00047574294,0.6052418,31728,0.2550273537635803,0.0,537,0.0034288887,178.7,178.7,0.0034288887,17.360928773880005,6
0.00042391315,0.61302817,32715,0.40604543685913086,0.0,542,0.0027738002,181.9,181.9,0.0027738002,17.924524784088135,5
0.00029626314,0.6066338,33715,0.14579463005065918,0.0,547,0.0027504105,187.7,187.7,0.0027504105,18.464744329452515,5
0.0003093128,0.60730314,34649,0.3297973871231079,0.0,552,0.003188238,188.675,188.675,0.003188238,19.044098138809204,5
0.0003691418,0.604827,35779,0.2201874852180481,0.0,558,0.003320259,191.95,191.95,0.003320259,19.591844081878662,6
0.00029658797,0.6008536,36779,0.09926944971084595,0.0,563,0.0024117099,196.1,196.1,0.0024117099,20.137596607208252,5
0.00035133568,0.6119835,37779,0.445323646068573,0.0,568,0.0016787096,196.275,196.275,0.0016787096,20.682315349578857,5
0.00040402752,0.60268116,38727,0.12124848365783691,0.0,573,0.0025431868,194.975,194.975,0.0025431868,21.194310188293457,5
0.00028540968,0.5870775,39754,0.019837141036987305,0.0,579,0.0036377043,190.85,190.85,0.0036377043,21.757446765899658,6
0.0003294187,0.5995892,40942,0.20365959405899048,0.0,585,0.002905361,190.675,190.675,0.002905361,22.33732008934021,6
0.00027130882,0.6078887,41939,0.2607060670852661,0.0,590,0.0026412907,190.6,190.6,0.0026412907,22.87470269203186,5
0.00039058705,0.601774,42893,0.34166252613067627,0.0,595,0.0037202197,191.55,191.55,0.0037202197,23.444753408432007,5
0.00027745258,0.6117996,43860,0.41778600215911865,0.0,600,0.0024425075,192.025,192.025,0.0024425075,24.08615756034851,5
0.00030693112,0.6003051,44965,0.05777245759963989,0.0,606,0.0027249227,189.65,189.65,0.0027249227,24.586967706680298,6
0.00041281764,0.6100316,46063,0.4477100372314453,0.0,612,0.0028634723,188.4,188.4,0.0028634723,25.15941858291626,6
0.0002894668,0.60957986,46989,0.5119501650333405,0.0,617,0.0021445947,186.85,186.85,0.0021445947,25.739171266555786,5
0.00027051254,0.593328,48014,0.13892894983291626,0.0,623,0.0021223577,186.8,186.8,0.0021223577,26.24628520011902,6
0.00019880298,0.6097315,49135,0.16568952798843384,0.0,629,0.00162677,184.9,184.9,0.00162677,26.767231225967407,6
0.00038848084,0.5965383,50111,0.2272181510925293,0.0,634,0.0039558024,184.3,184.3,0.0039558024,27.362354516983032,5
0.00044319357,0.58114386,51198,0.2776305675506592,0.0,640,0.0034753857,183.45,183.45,0.0034753857,27.96641778945923,6
0.00034967222,0.5958013,52092,0.45066899061203003,0.0,645,0.0038401834,180.8,180.8,0.0038401834,28.51461935043335,5
0.00036043642,0.57830286,53062,0.06580847501754761,0.0,650,0.0055069104,184.975,184.975,0.0055069104,29.099433660507202,5
0.0004038471,0.5897277,54262,0.16472536325454712,0.0,656,0.002289405,184.975,184.975,0.002289405,29.6723952293396,6
0.00036403147,0.58878094,55229,0.1909891963005066,0.0,661,0.0034320583,190.375,190.375,0.0034320583,30.232817888259888,5
0.00036266388,0.59254146,56229,0.22926265001296997,0.0,666,0.0030125265,190.375,190.375,0.0030125265,30.766220092773438,5
0.0003437855,0.590178,57229,0.20688849687576294,0.0,671,0.0029355062,192.95,192.95,0.0029355062,31.332687616348267,5
0.00029102905,0.5774857,58186,0.3499144911766052,0.0,676,0.0038454814,191.875,191.875,0.0038454814,31.917652368545532,5
0.00038574878,0.58857095,59386,0.41778135299682617,0.0,682,0.0025423039,196.925,196.925,0.0025423039,32.45898795127869,6
0.0002533552,0.5810486,60283,0.06189680099487305,0.0,687,0.0042104656,194.775,194.775,0.0042104656,33.04772114753723,5
0.00038633973,0.58668053,61312,0.1697818636894226,0.0,693,0.006147568,191.25,191.25,0.006147568,33.64805841445923,6
0.00031741627,0.589352,62312,0.16790789365768433,0.0,698,0.002162866,191.25,191.25,0.002162866,34.20766282081604,5
0.00043366838,0.5862287,63312,0.18432652950286865,0.0,703,0.0033704406,192.075,192.075,0.0033704406,34.75792932510376,5
0.0003028463,0.5809525,64455,0.13179510831832886,0.0,709,0.0018973008,190.65,190.65,0.0018973008,35.3016140460968,6
0.00042749546,0.59379697,65397,0.2432091236114502,0.0,714,0.0024424337,190.275,190.275,0.0024424337,35.820510149002075,5
0.00019231236,0.5876503,66397,0.221174955368042,0.0,719,0.002105431,190.275,190.275,0.002105431,36.385645151138306,5
0.00021411652,0.59377015,67532,0.22199875116348267,0.0,725,0.0014095043,188.65,188.65,0.0014095043,36.96225953102112,6
0.0004097168,0.58740175,68532,0.2810925245285034,0.0,730,0.0059582763,193.05,193.05,0.0059582763,37.53147077560425,5
0.00037160772,0.5878222,69532,0.489071249961853,0.0,735,0.0028223374,195.5,195.5,0.0028223374,38.08266544342041,5
0.00040941138,0.5879289,70532,0.19450253248214722,0.0,740,0.0049836067,195.5,195.5,0.0049836067,38.65555167198181,5
0.00024213534,0.5910099,71532,0.48362046480178833,0.0,745,0.0034553092,195.5,195.5,0.0034553092,39.21510076522827,5
0.00038861687,0.5876587,72532,0.2564929723739624,0.0,750,0.002646121,196.925,196.925,0.002646121,39.73566460609436,5
0.0002689946,0.5872782,73663,0.048532187938690186,0.0,756,0.0022916375,196.65,196.65,0.0022916375,40.24695587158203,6
0.00040272076,0.56790435,74663,0.4719610810279846,0.0,761,0.0038698441,196.65,196.65,0.0038698441,40.79399228096008,5
0.0003555725,0.59259164,75663,0.4593281149864197,0.0,766,0.002582861,198.275,198.275,0.002582861,41.33647084236145,5
0.00041076326,0.57424283,76633,0.16512161493301392,0.0,771,0.0031277328,197.525,197.525,0.0031277328,41.87969660758972,5
0.00027238383,0.5889187,77633,0.310541570186615,0.0,776,0.0014685562,197.525,197.525,0.0014685562,42.44492745399475,5
0.0003666859,0.5823543,78794,0.18507397174835205,0.0,782,0.0030636252,196.55,196.55,0.0030636252,42.97379517555237,6
0.00036978693,0.5912027,79794,0.31813472509384155,0.0,787,0.0034833527,196.55,196.55,0.0034833527,43.491475343704224,5
0.00040980376,0.5872081,80794,0.3238140344619751,0.0,792,0.003094886,196.55,196.55,0.003094886,44.06168508529663,5
0.00031874483,0.59269214,81901,0.6002361476421356,0.0,798,0.002667434,195.95,195.95,0.002667434,44.56028461456299,6
0.00031986032,0.5826775,82901,0.3409857749938965,0.0,803,0.0029892111,195.95,195.95,0.0029892111,45.06516790390015,5
0.00038741506,0.58523047,83901,0.5910346210002899,0.0,808,0.0046310974,195.95,195.95,0.0046310974,45.606536626815796,5
0.00039223745,0.5842757,84901,0.5081509947776794,0.0,813,0.0022626165,196.7,196.7,0.0022626165,46.12117147445679,5
0.00039272645,0.59002584,85901,0.3130650520324707,0.0,818,0.0025080675,196.7,196.7,0.0025080675,46.67499566078186,5
0.00039801633,0.58353794,87010,0.31743544340133667,0.0,824,0.00410874,195.4,195.4,0.00410874,47.25974154472351,6
0.00047739476,0.5788993,88010,0.4608444571495056,0.0,829,0.0042814314,195.4,195.4,0.0042814314,47.801867961883545,5
0.0004611725,0.589959,88985,0.4750317335128784,0.0,834,0.0048850146,194.775,194.775,0.0048850146,48.349100828170776,5
0.0003313218,0.5824676,89985,0.3019114136695862,0.0,839,0.00258262,197.1,197.1,0.00258262,48.945080041885376,5
0.00038304718,0.566947,90985,0.5386492609977722,0.0,844,0.00447677,197.1,197.1,0.00447677,49.509278535842896,5
0.00036396823,0.5853696,91985,0.30542606115341187,0.0,849,0.0015274365,197.1,197.1,0.0015274365,50.055707931518555,5
0.00042627388,0.58284986,92985,0.4252391457557678,0.0,854,0.002906595,197.1,197.1,0.002906595,50.602617263793945,5
0.00036792975,0.58704287,94185,0.4510597586631775,0.0,860,0.003042662,199.025,199.025,0.003042662,51.14121127128601,6
0.00034699915,0.5848266,95185,0.5121534764766693,0.0,865,0.002220931,199.375,199.375,0.002220931,51.67530107498169,5
0.00038468337,0.5827111,96185,0.4736374020576477,0.0,870,0.0021164669,199.375,199.375,0.0021164669,52.23768496513367,5
0.00027493847,0.57187474,97280,0.3092004656791687,0.0,876,0.0040347558,197.375,197.375,0.0040347558,52.80022478103638,6
0.00038104632,0.5947837,98280,0.5203043818473816,0.0,881,0.0027909204,197.375,197.375,0.0027909204,53.34322476387024,5
0.0003871276,0.5881053,99280,0.4787554144859314,0.0,886,0.0021343622,197.375,197.375,0.0021343622,53.92091751098633,5
0.00039166195,0.59459966,100280,0.5803399980068207,0.0,891,0.002580602,197.375,197.375,0.002580602,54.48653864860535,5
