EpThisIter,EpRewMean,ev_tdlam_before,EpisodesSoFar,entloss,entropy,surrgain,optimgain,TimestepsSoFar,TimeElapsed,EpLenMean,meankl
49,19.7,-0.010164618492126465,49,0.0,0.69234884,0.0052023204,0.0052023204,1007,0.668337345123291,19.7,0.00081373844
43,23.825,-0.026921749114990234,92,0.0,0.6899904,0.008144929,0.008144929,2037,1.1742467880249023,23.825,0.000893583
43,24.125,0.00757986307144165,135,0.0,0.6851064,0.0077553284,0.0077553284,3061,1.713071346282959,24.125,0.00095228915
43,23.45,0.1464301347732544,178,0.0,0.68286335,0.00984163,0.00984163,4050,2.2917392253875732,23.45,0.00092506874
33,29.975,0.19893091917037964,211,0.0,0.6737213,0.006021505,0.006021505,5058,2.8082058429718018,29.975,0.00081392034
33,31.45,0.11909419298171997,244,0.0,0.6666808,0.006839583,0.006839583,6110,3.36006498336792,31.45,0.00096079346
28,35.8,0.20229578018188477,272,0.0,0.66359985,0.010643348,0.010643348,7145,3.913628578186035,35.8,0.00085313
29,38.45,0.14516735076904297,301,0.0,0.6567328,0.00791431,0.00791431,8180,4.441727161407471,38.45,0.0009663211
27,37.975,0.2183261513710022,328,0.0,0.6457068,0.0094064595,0.0094064595,9211,4.9806976318359375,37.975,0.00088708056
21,42.6,0.1639782190322876,349,0.0,0.63970476,0.0110068,0.0110068,10213,5.5340728759765625,42.6,0.00093841896
15,53.7,0.13113278150558472,364,0.0,0.62950015,0.0134779215,0.0134779215,11174,6.050917387008667,53.7,0.00086782954
18,58.925,0.2241288423538208,382,0.0,0.621962,0.0064958823,0.0064958823,12268,6.592631101608276,58.925,0.0007496902
12,68.875,-0.021357178688049316,394,0.0,0.6224774,0.005497615,0.005497615,13300,7.182164907455444,68.875,0.0006581303
10,77.75,0.08922892808914185,404,0.0,0.62608945,0.0039049014,0.0039049014,14284,7.716097831726074,77.75,0.0007536325
9,86.95,0.1555105447769165,413,0.0,0.6157894,0.007844791,0.007844791,15254,8.23765254020691,86.95,0.00085825974
11,96.425,0.09692490100860596,424,0.0,0.60409606,0.008562712,0.008562712,16341,8.765644311904907,96.425,0.0008118857
5,111.65,-0.4479374885559082,429,0.0,0.6110751,0.005983256,0.005983256,17300,9.276980876922607,111.65,0.00068349415
8,119.8,-0.3257167339324951,437,0.0,0.60459757,0.003520403,0.003520403,18371,9.829749584197998,119.8,0.0007613011
7,127.05,-0.024283528327941895,444,0.0,0.598526,0.0039992593,0.0039992593,19366,10.376915454864502,127.05,0.00080476166
6,136.275,0.07576286792755127,450,0.0,0.6104748,0.0033352259,0.0033352259,20462,10.878228187561035,136.275,0.0007416637
7,147.4,-0.00826418399810791,457,0.0,0.59928536,0.011365784,0.011365784,21500,11.399406671524048,147.4,0.0007365805
5,159.775,-0.039337158203125,462,0.0,0.6006463,0.0049899155,0.0049899155,22472,11.958833932876587,159.775,0.0007872031
5,164.3,-0.2643918991088867,467,0.0,0.586344,0.0023494428,0.0023494428,23472,12.470703125,164.3,0.00073854456
5,170.575,0.01444697380065918,472,0.0,0.6089361,0.0049433596,0.0049433596,24445,12.998452186584473,170.575,0.0007061226
6,178.775,-0.05771982669830322,478,0.0,0.6050003,0.0066855345,0.0066855345,25597,13.580286026000977,178.775,0.0007770771
7,176.725,0.07035946846008301,485,0.0,0.5744803,0.0068031373,0.0068031373,26554,14.109057664871216,176.725,0.00037221424
5,177.3,-0.04912745952606201,490,0.0,0.6028925,0.0031011906,0.0031011906,27554,14.669990062713623,177.3,0.00075436215
6,183.35,-0.01371145248413086,496,0.0,0.5845255,0.0033614486,0.0033614486,28645,15.26452350616455,183.35,0.0005843554
5,184.325,0.02509903907775879,501,0.0,0.6026352,0.0032018246,0.0032018246,29645,15.792766809463501,184.325,0.0006208521
5,184.1,0.0853949785232544,506,0.0,0.59844625,0.0046274345,0.0046274345,30636,16.32669687271118,184.1,0.00040622643
5,184.775,0.02344655990600586,511,0.0,0.62000513,0.002932595,0.002932595,31636,16.873786687850952,184.775,0.00044522068
5,185.775,0.021913588047027588,516,0.0,0.6061597,0.007838017,0.007838017,32628,17.388846158981323,185.775,0.0008686619
5,187.525,0.10598349571228027,521,0.0,0.60944545,0.004981218,0.004981218,33628,17.921645879745483,187.525,0.0007375497
6,192.45,-0.21666181087493896,527,0.0,0.6026732,0.004682199,0.004682199,34652,18.496870517730713,192.45,0.0007694415
6,191.1,-0.0023730993270874023,533,0.0,0.61013854,0.005485545,0.005485545,35798,19.012489080429077,191.1,0.0008697253
5,191.275,0.056059837341308594,538,0.0,0.59180045,0.0056032613,0.0056032613,36696,19.497949838638306,191.275,0.0008432256
6,188.7,0.023661017417907715,544,0.0,0.60271084,0.007370554,0.007370554,37784,20.048325538635254,188.7,0.0006524507
6,186.875,-0.08273863792419434,550,0.0,0.5754688,0.009131414,0.009131414,38911,20.584430932998657,186.875,0.0008577537
6,180.775,0.01835530996322632,556,0.0,0.56919026,0.008099057,0.008099057,39859,21.08812642097473,180.775,0.0008530454
5,179.975,0.035119473934173584,561,0.0,0.56656516,0.005322178,0.005322178,40827,21.65008306503296,179.975,0.0009793818
5,183.375,0.02788519859313965,566,0.0,0.5974028,0.0054580877,0.0054580877,41827,22.16183638572693,183.375,0.0005433299
6,180.125,8.100271224975586e-05,572,0.0,0.59117234,0.0053193048,0.0053193048,42857,22.660435676574707,180.125,0.00075452146
5,184.025,0.1360430121421814,577,0.0,0.5879161,0.008932028,0.008932028,43857,23.221689224243164,184.025,0.00067362364
5,184.375,0.07129210233688354,582,0.0,0.5757484,0.0043283775,0.0043283775,44857,23.749374389648438,184.375,0.00087563146
6,188.65,0.032829880714416504,588,0.0,0.584584,0.0045959307,0.0045959307,46057,24.295043230056763,188.65,0.00085206574
5,194.85,0.03475594520568848,593,0.0,0.58903843,0.0044045122,0.0044045122,47057,24.885913610458374,194.85,0.00074988964
5,195.65,0.08057147264480591,598,0.0,0.5778983,0.004231897,0.004231897,48057,25.452108144760132,195.65,0.00054913474
5,195.75,-0.07026684284210205,603,0.0,0.5948823,0.0033907695,0.0033907695,49057,25.99008011817932,195.75,0.00083085673
5,195.825,0.10551828145980835,608,0.0,0.5747405,0.004303678,0.004303678,50057,26.52752995491028,195.825,0.0008307571
5,200.0,0.07206517457962036,613,0.0,0.58625853,0.0062328577,0.0062328577,51057,27.08167052268982,200.0,0.000809025
5,199.775,-0.040259361267089844,618,0.0,0.5766376,0.0064025577,0.0064025577,52048,27.591542720794678,199.775,0.0007377408
6,199.775,0.07164621353149414,624,0.0,0.5773201,0.005898241,0.005898241,53248,28.15959334373474,199.775,0.00080640276
5,199.775,0.04907470941543579,629,0.0,0.5780548,0.0034817904,0.0034817904,54248,28.719414234161377,199.775,0.0004661532
5,199.25,-0.08061408996582031,634,0.0,0.5909388,0.006844297,0.006844297,55227,29.23001718521118,199.25,0.00088417914
5,199.25,-0.14884793758392334,639,0.0,0.5698347,0.003649653,0.003649653,56227,29.805705070495605,199.25,0.0007915285
5,199.25,0.1060035228729248,644,0.0,0.58533984,0.004157287,0.004157287,57227,30.34686303138733,199.25,0.00044691793
5,199.25,0.04484999179840088,649,0.0,0.5784788,0.0041338615,0.0041338615,58227,30.839218616485596,199.25,0.0009348475
6,195.975,0.07418471574783325,655,0.0,0.5661465,0.0026233755,0.0026233755,59287,31.42803406715393,195.975,0.00049672526
6,191.1,0.000629127025604248,661,0.0,0.56417644,0.004351693,0.004351693,60292,31.96722102165222,191.1,0.00074773835
5,190.65,0.04802209138870239,666,0.0,0.5806712,0.005871392,0.005871392,61274,32.50026988983154,190.65,0.00046880965
6,190.375,0.04393875598907471,672,0.0,0.5760652,0.0034787543,0.0034787543,62463,33.08434510231018,190.375,0.00072236004
5,190.9,-0.0030145645141601562,677,0.0,0.5733229,0.0040561724,0.0040561724,63463,33.62435293197632,190.9,0.0007985055
5,190.9,0.10619986057281494,682,0.0,0.5768724,0.009752477,0.009752477,64463,34.138718605041504,190.9,0.0009784874
5,190.9,0.060828447341918945,687,0.0,0.5926162,0.004697595,0.004697595,65463,34.70031809806824,190.9,0.0006167721
5,194.4,-0.015088796615600586,692,0.0,0.5658049,0.0053168964,0.0053168964,66463,35.27605581283569,194.4,0.00076279684
5,195.25,0.12573975324630737,697,0.0,0.5767797,0.004894335,0.004894335,67463,35.79923748970032,195.25,0.00072592474
6,196.375,0.1453515887260437,703,0.0,0.5700696,0.0025158226,0.0025158226,68547,36.36935901641846,196.375,0.000821048
5,197.1,0.038407742977142334,708,0.0,0.5803284,0.0041632205,0.0041632205,69547,36.93611121177673,197.1,0.00066484895
5,197.1,0.1967329978942871,713,0.0,0.5851177,0.0054895356,0.0054895356,70547,37.44660425186157,197.1,0.00057887414
5,197.1,0.12509620189666748,718,0.0,0.56728035,0.005035326,0.005035326,71547,37.99366497993469,197.1,0.0006880994
5,197.1,0.1266157627105713,723,0.0,0.57187235,0.0049440237,0.0049440237,72547,38.474419832229614,197.1,0.0005084841
5,196.725,-0.11924910545349121,728,0.0,0.5951837,0.004907827,0.004907827,73532,38.98682117462158,196.725,0.0007249179
6,196.725,0.17754334211349487,734,0.0,0.5743773,0.004979035,0.004979035,74732,39.56537222862244,196.725,0.00092735334
5,197.375,-0.06961548328399658,739,0.0,0.5834167,0.006964287,0.006964287,75732,40.14216995239258,197.375,0.00063822663
5,199.375,0.21568650007247925,744,0.0,0.5741439,0.00682782,0.00682782,76722,40.660635471343994,199.375,0.00048213423
5,199.375,0.0075740814208984375,749,0.0,0.57755595,0.0045597637,0.0045597637,77722,41.200048208236694,199.375,0.0005589712
5,199.375,0.13768082857131958,754,0.0,0.5845033,0.0043825423,0.0043825423,78722,41.78028440475464,199.375,0.00059407507
5,198.55,0.03278827667236328,759,0.0,0.5794939,0.0045657665,0.0045657665,79689,42.28535175323486,198.55,0.00063292746
6,198.775,0.03838920593261719,765,0.0,0.57639086,0.0029799594,0.0029799594,80883,42.81518483161926,198.775,0.00049538
5,197.55,-0.07825708389282227,770,0.0,0.58974314,0.007270178,0.007270178,81834,43.382251024246216,197.55,0.0009099811
5,196.925,-0.011554360389709473,775,0.0,0.5693614,0.0030141133,0.0030141133,82809,43.891358613967896,196.925,0.00051984494
5,195.95,-0.014684081077575684,780,0.0,0.5743084,0.0058519626,0.0058519626,83770,44.45234680175781,195.95,0.0006810875
6,195.55,0.17229652404785156,786,0.0,0.57542026,0.008196075,0.008196075,84944,45.036882162094116,195.55,0.0006942846
5,195.55,0.030078351497650146,791,0.0,0.5717829,0.007033281,0.007033281,85944,45.568288803100586,195.55,0.00061325374
5,195.075,0.14834868907928467,796,0.0,0.58553135,0.004350749,0.004350749,86925,46.0959906578064,195.075,0.00032891228
5,195.8,0.09856384992599487,801,0.0,0.5692272,0.007980721,0.007980721,87921,46.665995836257935,195.8,0.0011311185
5,196.725,0.09900742769241333,806,0.0,0.5792542,0.0073611103,0.0073611103,88903,47.196096658706665,196.725,0.00078356534
6,196.55,-0.07515645027160645,812,0.0,0.5774522,0.0037783738,0.0037783738,90096,47.73470950126648,196.55,0.00065947603
5,197.5,0.12194782495498657,817,0.0,0.5668449,0.0051638475,0.0051638475,91096,48.31305456161499,197.5,0.0008764212
5,198.15,-0.06739091873168945,822,0.0,0.5812826,0.010058899,0.010058899,92096,48.872613191604614,198.15,0.0009685298
6,195.625,-0.039376020431518555,828,0.0,0.58049476,0.0055286745,0.0055286745,93169,49.3816032409668,195.625,0.00069308793
5,196.1,0.036875009536743164,833,0.0,0.56080943,0.0048946254,0.0048946254,94169,49.91259264945984,196.1,0.000953067
5,196.1,0.0689692497253418,838,0.0,0.5621431,0.00739605,0.00739605,95169,50.48654341697693,196.1,0.00068641716
5,195.1,0.1190178394317627,843,0.0,0.59385824,0.006623313,0.006623313,96124,51.01974558830261,195.1,0.00092177803
6,194.125,0.08654952049255371,849,0.0,0.5651616,0.013058715,0.013058715,97268,51.595669746398926,194.125,0.0006645419
5,193.525,0.09918564558029175,854,0.0,0.5752399,0.005731255,0.005731255,98237,52.09432768821716,193.525,0.0009361119
5,193.525,0.08274579048156738,859,0.0,0.5641078,0.0045299726,0.0045299726,99237,52.61950969696045,193.525,0.0006314962
5,193.3,0.08878886699676514,864,0.0,0.5679562,0.0050458387,0.0050458387,100228,53.1912944316864,193.3,0.0008879611
