TimeElapsed,optimgain,EpThisIter,EpLenMean,entropy,EpRewMean,ev_tdlam_before,TimestepsSoFar,EpisodesSoFar,entloss,surrgain,meankl
0.6397325992584229,0.001763805,43,23.65,0.69306105,23.65,-0.0013620853424072266,1008,43,0.0,0.001763805,8.5176456e-05
1.2361633777618408,0.0019739368,40,25.1,0.69283545,25.1,0.002804994583129883,2012,83,0.0,0.0019739368,8.4660154e-05
1.7843432426452637,0.0019025863,42,25.15,0.69241184,25.15,0.007632136344909668,3071,125,0.0,0.0019025863,9.073528e-05
2.3653481006622314,0.0023912103,42,24.05,0.6918633,24.05,0.006711363792419434,4087,167,0.0,0.0023912103,9.432715e-05
2.8593862056732178,0.0025606288,35,28.525,0.6912129,28.525,0.017504334449768066,5072,202,0.0,0.0025606288,8.940839e-05
3.375931978225708,0.0020524208,48,21.05,0.68999535,21.05,0.04840648174285889,6130,250,0.0,0.0020524208,9.148137e-05
3.9392104148864746,0.0027688104,44,23.975,0.6890097,23.975,0.018420517444610596,7163,294,0.0,0.0027688104,9.360256e-05
4.459001302719116,0.0018938645,32,29.375,0.6884728,29.375,0.029537498950958252,8154,326,0.0,0.0018938645,8.6236505e-05
4.975398302078247,0.002293096,35,30.275,0.6866166,30.275,0.01765364408493042,9194,361,0.0,0.002293096,8.1035614e-05
5.5365540981292725,0.0028764587,36,29.075,0.6854325,29.075,0.04192948341369629,10218,397,0.0,0.0028764587,9.607455e-05
6.082866430282593,0.0021520902,31,31.1,0.6842362,31.1,0.03714179992675781,11235,428,0.0,0.0021520902,9.4961004e-05
6.6111226081848145,0.0025606938,33,35.4,0.68221307,35.4,0.03668731451034546,12280,461,0.0,0.0025606938,9.1065274e-05
7.206748723983765,0.0026106925,36,28.2,0.6793723,28.2,0.04904395341873169,13308,497,0.0,0.0026106925,9.752411e-05
7.809044361114502,0.0026881753,34,28.95,0.6778894,28.95,0.034185707569122314,14324,531,0.0,0.0026881753,9.03194e-05
8.33115267753601,0.0024026397,31,32.75,0.67657983,32.75,0.08156466484069824,15356,562,0.0,0.0024026397,8.63659e-05
8.890777111053467,0.0030119035,36,28.375,0.6716464,28.375,0.06223857402801514,16384,598,0.0,0.0030119035,8.917555e-05
9.47935152053833,0.0024376074,23,36.1,0.67356974,36.1,0.05581909418106079,17363,621,0.0,0.0024376074,9.1260015e-05
10.016580581665039,0.0016931997,21,47.7,0.67206347,47.7,0.021546125411987305,18429,642,0.0,0.0016931997,9.0165e-05
10.554940938949585,0.0024610427,24,46.85,0.66931385,46.85,0.017884671688079834,19423,666,0.0,0.0024610427,7.893333e-05
11.097743034362793,0.002072297,23,44.4,0.66582483,44.4,0.02591884136199951,20476,689,0.0,0.002072297,8.52026e-05
11.61479926109314,0.0023483373,24,44.55,0.66332114,44.55,0.04079759120941162,21494,713,0.0,0.0023483373,9.610982e-05
12.183858156204224,0.0026700571,23,41.6,0.66137815,41.6,0.026820600032806396,22497,736,0.0,0.0026700571,0.00010016993
12.749773740768433,0.0019102951,21,42.2,0.65796685,42.2,0.07557159662246704,23441,757,0.0,0.0019102951,8.846456e-05
13.31710696220398,0.0026136814,20,49.075,0.6606923,49.075,0.12567853927612305,24522,777,0.0,0.0026136814,9.406214e-05
13.847375869750977,0.002986612,18,55.3,0.6559541,55.3,0.08455806970596313,25594,795,0.0,0.002986612,9.5417185e-05
14.390554666519165,0.0028473004,21,53.325,0.64779395,53.325,0.10373127460479736,26621,816,0.0,0.0028473004,8.5691325e-05
14.946383476257324,0.0025663166,19,50.725,0.6446317,50.725,0.040782630443573,27623,835,0.0,0.0025663166,8.691781e-05
15.479334115982056,0.0022024326,19,53.375,0.64478016,53.375,0.025904178619384766,28669,854,0.0,0.0022024326,8.748623e-05
16.02095627784729,0.0023938895,14,57.45,0.6485032,57.45,0.05347943305969238,29675,868,0.0,0.0023938895,8.713628e-05
16.576741933822632,0.001523463,12,70.85,0.64454496,70.85,0.046946585178375244,30707,880,0.0,0.001523463,6.9551046e-05
17.100642681121826,0.0019402374,12,76.775,0.65091103,76.775,0.013786494731903076,31657,892,0.0,0.0019402374,7.161204e-05
17.682862997055054,0.0020836992,14,80.15,0.63761026,80.15,0.05887705087661743,32745,906,0.0,0.0020836992,8.721793e-05
18.263338804244995,0.0025254057,12,79.675,0.6414994,79.675,0.07055705785751343,33732,918,0.0,0.0025254057,8.511561e-05
18.76182270050049,0.0020079073,9,88.225,0.64357126,88.225,0.06444686651229858,34811,927,0.0,0.0020079073,8.581401e-05
19.299983263015747,0.0023701303,11,89.65,0.63671786,89.65,0.058790504932403564,35726,938,0.0,0.0023701303,8.323479e-05
19.88342809677124,0.0016699876,10,96.65,0.6367094,96.65,0.08086705207824707,36855,948,0.0,0.0016699876,7.613332e-05
20.425726890563965,0.0026734038,12,97.45,0.6261178,97.45,0.060266196727752686,37881,960,0.0,0.0026734038,8.0653175e-05
21.01782250404358,0.0016790191,7,100.6,0.6377898,100.6,0.17376285791397095,38835,967,0.0,0.0016790191,6.5621076e-05
21.58411145210266,0.0018294078,8,111.1,0.630261,111.1,0.016256332397460938,39892,975,0.0,0.0018294078,8.367745e-05
22.152968645095825,0.0022989803,9,111.425,0.6276462,111.425,0.11815595626831055,40923,984,0.0,0.0022989803,7.0624825e-05
22.757299423217773,0.0019143119,7,123.475,0.6217468,123.475,0.13151013851165771,41916,991,0.0,0.0019143119,7.803696e-05
23.39188551902771,0.0022100313,7,131.025,0.63197625,131.025,0.12321794033050537,42914,998,0.0,0.0022100313,6.8039946e-05
23.980070114135742,0.0027883109,9,128.85,0.61848927,128.85,0.10590946674346924,43989,1007,0.0,0.0027883109,8.716864e-05
24.53585410118103,0.0018937173,6,131.325,0.62989855,131.325,0.15369248390197754,44921,1013,0.0,0.0018937173,6.510147e-05
25.084222078323364,0.0021416177,9,133.525,0.61378884,133.525,0.10873770713806152,46048,1022,0.0,0.0021416177,8.23342e-05
25.67129373550415,0.0020277218,7,138.675,0.61987585,138.675,0.12313604354858398,47070,1029,0.0,0.0020277218,8.0751284e-05
26.218140602111816,0.0015492132,8,132.825,0.61634576,132.825,0.0508195161819458,48127,1037,0.0,0.0015492132,7.677202e-05
26.76114535331726,0.002768537,7,133.3,0.62193036,133.3,0.10954004526138306,49091,1044,0.0,0.002768537,7.885232e-05
27.322343349456787,0.001266435,6,142.7,0.62061495,142.7,0.2541659474372864,50173,1050,0.0,0.001266435,8.299181e-05
27.875290393829346,0.001493138,5,145.8,0.62299573,145.8,0.16123396158218384,51021,1055,0.0,0.001493138,8.235505e-05
28.38697052001953,0.0019820172,7,149.725,0.6145247,149.725,0.27231305837631226,52037,1062,0.0,0.0019820172,8.993081e-05
28.904496908187866,0.001127583,6,152.525,0.61688787,152.525,0.3737605810165405,53071,1068,0.0,0.001127583,7.241733e-05
29.476800680160522,0.0018285133,8,152.775,0.610555,152.775,0.2930780053138733,54182,1076,0.0,0.0018285133,8.22579e-05
30.00946855545044,0.0015074569,6,160.35,0.6198867,160.35,0.45298880338668823,55278,1082,0.0,0.0015074569,7.115255e-05
30.59058141708374,0.0023872443,6,159.875,0.60191506,159.875,0.2976418733596802,56251,1088,0.0,0.0023872443,7.4115706e-05
31.160504579544067,0.0016096694,5,163.95,0.60794085,163.95,0.2118901014328003,57206,1093,0.0,0.0016096694,5.8173184e-05
31.681378841400146,0.0023202007,7,162.425,0.5992208,162.425,0.2057960033416748,58321,1100,0.0,0.0023202007,7.871887e-05
32.2370502948761,0.0018662452,5,166.325,0.59752655,166.325,0.32411837577819824,59243,1105,0.0,0.0018662452,8.774798e-05
32.78981256484985,0.001794833,6,168.15,0.5903193,168.15,0.34049612283706665,60230,1111,0.0,0.001794833,8.1101774e-05
33.31001949310303,0.0017248434,6,173.45,0.5994669,173.45,0.20060664415359497,61314,1117,0.0,0.0017248434,7.521312e-05
33.893227100372314,0.001997993,6,174.975,0.5945654,174.975,0.1160309910774231,62407,1123,0.0,0.001997993,8.293175e-05
34.487016677856445,0.0013149995,5,178.9,0.5932373,178.9,0.4766853451728821,63407,1128,0.0,0.0013149995,6.932052e-05
35.050240993499756,0.00072209677,5,180.025,0.5982348,180.025,0.2807505130767822,64407,1133,0.0,0.00072209677,7.5648924e-05
35.58633804321289,0.0016533204,6,184.8,0.5870114,184.8,0.23001569509506226,65523,1139,0.0,0.0016533204,8.353761e-05
36.1831750869751,0.00075621135,5,187.0,0.60227174,187.0,0.35353565216064453,66523,1144,0.0,0.00075621135,5.3332653e-05
36.6824996471405,0.0017282591,5,188.025,0.5882325,188.025,0.04674440622329712,67436,1149,0.0,0.0017282591,8.529707e-05
37.211108922958374,0.0010538895,5,189.55,0.597759,189.55,0.23597770929336548,68412,1154,0.0,0.0010538895,8.301326e-05
37.790592432022095,0.0019697445,6,194.1,0.59112984,194.1,0.36591100692749023,69604,1160,0.0,0.0019697445,7.7211946e-05
38.32735562324524,0.0023288918,6,189.525,0.5866221,189.525,0.2994392514228821,70588,1166,0.0,0.0023288918,8.230929e-05
38.85083246231079,0.0010337364,5,189.525,0.59552705,189.525,0.5513364970684052,71588,1171,0.0,0.0010337364,7.563981e-05
39.43584132194519,0.0012502451,5,189.325,0.60138714,189.325,0.5744743347167969,72580,1176,0.0,0.0012502451,7.0672606e-05
40.00231170654297,0.0011470978,5,190.9,0.5926602,190.9,0.32944339513778687,73559,1181,0.0,0.0011470978,6.230413e-05
40.56342124938965,0.0015235485,6,192.675,0.5923455,192.675,0.6952397525310516,74743,1187,0.0,0.0015235485,6.404062e-05
41.110283613204956,0.0013331622,5,193.275,0.60175997,193.275,0.2320781946182251,75743,1192,0.0,0.0013331622,7.572972e-05
41.692795515060425,0.0017528175,5,192.525,0.55928874,192.525,0.28916436433792114,76705,1197,0.0,0.0017528175,6.556021e-05
42.21245098114014,0.0012072832,5,192.525,0.5887908,192.525,0.5315302908420563,77705,1202,0.0,0.0012072832,4.2309992e-05
42.7579140663147,0.00053710584,5,197.925,0.59428763,197.925,0.42402350902557373,78705,1207,0.0,0.00053710584,7.881227e-05
43.25074100494385,0.0018840223,5,198.125,0.5912844,198.125,0.3493255376815796,79705,1212,0.0,0.0018840223,8.766081e-05
43.765846252441406,0.000909335,6,196.6,0.58869946,196.6,0.27168625593185425,80844,1218,0.0,0.000909335,7.777389e-05
44.328774213790894,0.0015257583,5,196.9,0.5869348,196.9,0.7864076346158981,81832,1223,0.0,0.0015257583,8.562199e-05
44.865155935287476,0.0011179643,5,196.875,0.6000079,196.875,0.36639338731765747,82818,1228,0.0,0.0011179643,8.545561e-05
45.42711591720581,0.00083443196,5,196.875,0.60463166,196.875,0.23115599155426025,83818,1233,0.0,0.00083443196,8.321938e-05
45.95319581031799,0.0012463895,5,197.825,0.5899632,197.825,0.3421841859817505,84818,1238,0.0,0.0012463895,8.514288e-05
46.53195571899414,0.0014454483,6,195.5,0.5860698,195.5,0.3627127408981323,85925,1244,0.0,0.0014454483,9.054839e-05
47.107675552368164,0.0014844355,5,194.05,0.59186316,194.05,0.15016210079193115,86867,1249,0.0,0.0014844355,5.9388985e-05
47.68602538108826,0.0015030641,5,194.825,0.59533507,194.825,0.25048547983169556,87866,1254,0.0,0.0015030641,7.235554e-05
48.21225953102112,0.0011605008,6,194.55,0.5901158,194.55,0.4244602918624878,89026,1260,0.0,0.0011605008,7.527524e-05
48.785985469818115,0.0017584467,5,194.85,0.5713471,194.85,0.2825910449028015,90026,1265,0.0,0.0017584467,7.1938244e-05
49.40623879432678,0.0009079019,5,195.2,0.5815352,195.2,0.3652961254119873,91026,1270,0.0,0.0009079019,8.373898e-05
49.96797704696655,0.0015404756,5,194.675,0.57363135,194.675,0.39535844326019287,92005,1275,0.0,0.0015404756,8.545811e-05
50.525922536849976,0.0011063921,5,196.7,0.5825304,196.7,0.4064110517501831,93005,1280,0.0,0.0011063921,8.289942e-05
51.0609245300293,0.0011129682,6,198.45,0.5816941,198.45,0.37556272745132446,94205,1286,0.0,0.0011129682,6.150933e-05
51.57396841049194,0.0014747677,5,198.475,0.59367836,198.475,0.10673969984054565,95205,1291,0.0,0.0014747677,9.083911e-05
52.130921363830566,0.0016808051,5,198.475,0.5900121,198.475,0.43065690994262695,96205,1296,0.0,0.0016808051,8.767859e-05
52.64962935447693,0.0005925009,5,199.475,0.5757833,199.475,0.05672341585159302,97205,1301,0.0,0.0005925009,6.4195854e-05
53.17699980735779,0.0019176917,5,198.325,0.57260793,198.325,0.46721023321151733,98159,1306,0.0,0.0019176917,9.851126e-05
53.667229890823364,0.00090719527,5,198.325,0.586626,198.325,0.30168360471725464,99159,1311,0.0,0.00090719527,9.140086e-05
54.174731969833374,0.0011969351,5,198.85,0.5949322,198.85,0.17074459791183472,100159,1316,0.0,0.0011969351,9.546094e-05
