meankl,entloss,surrgain,optimgain,EpThisIter,TimestepsSoFar,ev_tdlam_before,TimeElapsed,EpLenMean,EpRewMean,EpisodesSoFar,entropy
0.0009125571,0.0,0.0059518316,0.0059518316,50,1020,-0.0010161399841308594,0.6496293544769287,20.775,20.775,50,0.6921766
0.0010444297,0.0,0.008765271,0.008765271,43,2040,0.2561700940132141,1.1864542961120605,23.55,23.55,93,0.68941057
0.00094378076,0.0,0.009852655,0.009852655,40,3061,0.28203845024108887,1.7556934356689453,25.525,25.525,133,0.68504673
0.0010080705,0.0,0.008146578,0.008146578,35,4090,0.27299606800079346,2.286806583404541,28.6,28.6,168,0.67956567
0.0009436341,0.0,0.008493407,0.008493407,32,5115,0.16614598035812378,2.800823926925659,30.675,30.675,200,0.67209536
0.0010170483,0.0,0.008196727,0.008196727,23,6110,0.24596643447875977,3.3719592094421387,39.625,39.625,223,0.6658281
0.0009780977,0.0,0.00849206,0.00849206,24,7162,0.4023381471633911,3.941319227218628,42.075,42.075,247,0.6563052
0.000933017,0.0,0.007676015,0.007676015,20,8189,0.25573408603668213,4.459888935089111,48.25,48.25,267,0.6447849
0.0009338909,0.0,0.007889176,0.007889176,20,9174,0.19362986087799072,5.0576090812683105,50.3,50.3,287,0.63616
0.0010697055,0.0,0.0074922033,0.0074922033,13,10053,0.15230154991149902,5.6546924114227295,55.125,55.125,300,0.6271934
0.0007240171,0.0,0.004832183,0.004832183,9,11192,0.27718067169189453,6.181229114532471,73.7,73.7,309,0.62955964
0.0008758168,0.0,0.006537586,0.006537586,10,12269,0.32610780000686646,6.746878623962402,88.575,88.575,319,0.6115918
0.00087100384,0.0,0.0069906292,0.0069906292,10,13278,0.1976298689842224,7.341134309768677,97.525,97.525,329,0.5992347
0.00076154305,0.0,0.0071260342,0.0071260342,7,14330,0.0176275372505188,7.868255376815796,111.525,111.525,336,0.6086099
0.000829842,0.0,0.0080435,0.0080435,8,15275,0.046309053897857666,8.440663576126099,114.9,114.9,344,0.5993521
0.00083592953,0.0,0.00563223,0.00563223,7,16384,0.21846210956573486,9.036500453948975,122.1,122.1,351,0.6030295
0.00075857923,0.0,0.0033631267,0.0033631267,6,17389,0.37383073568344116,9.619191646575928,131.7,131.7,357,0.60992795
0.00047092195,0.0,0.002317352,0.002317352,5,18285,0.3651183843612671,10.14229440689087,144.0,144.0,362,0.59021205
0.0005466704,0.0,0.002621586,0.002621586,6,19377,0.6964894235134125,10.668460130691528,154.15,154.15,368,0.5944882
0.00082940946,0.0,0.0038413273,0.0038413273,5,20324,0.5795881748199463,11.205275058746338,160.075,160.075,373,0.59833384
0.00059876,0.0,0.0036310074,0.0036310074,6,21440,0.4287780523300171,11.719453811645508,170.925,170.925,379,0.59797573
0.00071497995,0.0,0.004706729,0.004706729,5,22423,0.6799408197402954,12.262990474700928,178.7,178.7,384,0.5894065
0.0008459163,0.0,0.005197416,0.005197416,5,23389,0.5227437615394592,12.79520058631897,179.175,179.175,389,0.59600914
0.00084480544,0.0,0.0046188654,0.0046188654,5,24389,0.5923384428024292,13.304888010025024,185.775,185.775,394,0.6049807
0.0008459729,0.0,0.0052078543,0.0052078543,6,25467,-0.0025129318237304688,13.863736152648926,188.525,188.525,400,0.58249074
0.0006501751,0.0,0.0053881905,0.0053881905,6,26614,0.3410853147506714,14.394304513931274,190.05,190.05,406,0.5837562
0.0005147964,0.0,0.0046545425,0.0046545425,5,27614,0.2524530291557312,14.940531253814697,192.25,192.25,411,0.5703789
0.0007589011,0.0,0.0023905374,0.0023905374,5,28614,-0.045986056327819824,15.522308349609375,193.6,193.6,416,0.5850234
0.0010058153,0.0,0.0043110093,0.0043110093,5,29614,0.0005012750625610352,16.082353591918945,194.75,194.75,421,0.59054637
0.0007423813,0.0,0.0028254918,0.0028254918,5,30614,-0.3632385730743408,16.64610767364502,195.625,195.625,426,0.5962024
0.0007064049,0.0,0.004856966,0.004856966,6,31670,0.25198572874069214,17.185959815979004,192.025,192.025,432,0.5749501
0.00079322804,0.0,0.005020836,0.005020836,5,32670,0.3985159993171692,17.74848985671997,194.225,194.225,437,0.5938593
0.00074606866,0.0,0.002483076,0.002483076,5,33669,0.40543925762176514,18.292346715927124,195.05,195.05,442,0.60488343
0.000843387,0.0,0.0038505455,0.0038505455,5,34669,0.33394932746887207,18.79109787940979,196.375,196.375,447,0.6040777
0.0004270791,0.0,0.005291352,0.005291352,6,35648,0.23370742797851562,19.3723042011261,190.85,190.85,453,0.58874464
0.00049688155,0.0,0.0024229696,0.0024229696,6,36848,0.14884740114212036,19.874588012695312,190.85,190.85,459,0.60776454
0.0008915819,0.0,0.0017398302,0.0017398302,5,37848,0.38612598180770874,20.400407552719116,190.85,190.85,464,0.6212065
0.0006848352,0.0,0.003343594,0.003343594,5,38848,0.3430553078651428,21.007431745529175,194.2,194.2,469,0.6091294
0.0008611742,0.0,0.004835935,0.004835935,6,39912,0.3350556492805481,21.575918912887573,191.05,191.05,475,0.6004361
0.00075031526,0.0,0.003085225,0.003085225,5,40912,0.2621327042579651,22.112680196762085,191.075,191.075,480,0.61071074
0.000762668,0.0,0.005627328,0.005627328,6,41962,0.2217693328857422,22.739163875579834,187.325,187.325,486,0.59645927
0.0009480041,0.0,0.0041979076,0.0041979076,5,42962,0.2755306363105774,23.332136392593384,192.85,192.85,491,0.5963241
0.00094286056,0.0,0.004574411,0.004574411,5,43962,-0.0336228609085083,23.845614671707153,192.85,192.85,496,0.5854714
0.0008427706,0.0,0.0034086157,0.0034086157,5,44962,0.21549832820892334,24.401289701461792,192.85,192.85,501,0.5845294
0.0007744368,0.0,0.0023686565,0.0023686565,5,45962,0.258007287979126,24.983742713928223,192.85,192.85,506,0.583028
0.0008601974,0.0,0.0048128036,0.0048128036,5,46932,0.47807246446609497,25.58218002319336,192.3,192.3,511,0.5818021
0.00092926435,0.0,0.0035221467,0.0035221467,6,48008,0.1741897463798523,26.101499319076538,192.4,192.4,517,0.5869026
0.0010668631,0.0,0.0042551905,0.0042551905,5,49008,0.4473390579223633,26.693023204803467,192.4,192.4,522,0.5898868
0.00084135786,0.0,0.002376899,0.002376899,5,50008,0.23039525747299194,27.205876350402832,196.15,196.15,527,0.59915125
0.0006834379,0.0,0.0046818955,0.0046818955,6,51183,0.11976158618927002,27.778228521347046,195.525,195.525,533,0.57047236
0.0008449939,0.0,0.0030128728,0.0030128728,5,52183,0.31839215755462646,28.360823154449463,195.525,195.525,538,0.6040499
0.0005587954,0.0,0.002515756,0.002515756,5,53183,0.6255054175853729,28.95800232887268,195.525,195.525,543,0.6055482
0.00083700824,0.0,0.0019705745,0.0019705745,5,54183,0.15169018507003784,29.54544425010681,195.525,195.525,548,0.6010157
0.0008298914,0.0,0.0026172213,0.0026172213,5,55183,0.25929492712020874,30.10803747177124,196.275,196.275,553,0.5817977
0.0004912521,0.0,0.0026034196,0.0026034196,5,56183,0.40997010469436646,30.662323713302612,199.375,199.375,558,0.5870416
0.0006991505,0.0,0.0029143528,0.0029143528,5,57183,0.5672737061977386,31.196255922317505,199.375,199.375,563,0.58720005
0.0009226386,0.0,0.0043413024,0.0043413024,6,58252,0.29429787397384644,31.7486789226532,196.1,196.1,569,0.5806484
0.0005534126,0.0,0.0020685308,0.0020685308,6,59387,0.32995450496673584,32.32316327095032,195.1,195.1,575,0.5835875
0.00065242394,0.0,0.0038070427,0.0038070427,6,60411,0.3940107226371765,32.91812801361084,190.7,190.7,581,0.57429266
0.00088273257,0.0,0.002037972,0.002037972,5,61411,0.22555112838745117,33.45492649078369,190.7,190.7,586,0.5915189
0.00081830774,0.0,0.002633863,0.002633863,5,62411,0.4439547657966614,34.0132155418396,190.7,190.7,591,0.5735076
0.0008826213,0.0,0.0032294877,0.0032294877,5,63411,0.23311537504196167,34.61013197898865,190.7,190.7,596,0.5795908
0.0008726289,0.0,0.0028283002,0.0028283002,5,64411,0.1411646008491516,35.156487464904785,190.7,190.7,601,0.59721196
0.0010698063,0.0,0.0062800413,0.0062800413,5,65411,0.47810423374176025,35.66175723075867,190.7,190.7,606,0.5761384
0.0007896223,0.0,0.0017203039,0.0017203039,5,66411,-0.2617543935775757,36.22096228599548,194.05,194.05,611,0.58622324
0.000594876,0.0,0.0030947635,0.0030947635,5,67411,0.19968557357788086,36.7701153755188,200.0,200.0,616,0.5807722
0.0007379382,0.0,0.0022454737,0.0022454737,5,68411,0.22230833768844604,37.289605379104614,200.0,200.0,621,0.5911749
0.0008312733,0.0,0.0034448882,0.0034448882,6,69567,0.22329550981521606,37.86112833023071,198.9,198.9,627,0.58270156
0.0006883509,0.0,0.0018521836,0.0018521836,5,70567,-0.42435169219970703,38.44988441467285,198.9,198.9,632,0.5966184
0.00055707427,0.0,0.0031384535,0.0031384535,5,71567,0.14573532342910767,38.972299337387085,198.9,198.9,637,0.5855785
0.00067503436,0.0,0.0057830685,0.0057830685,5,72550,0.6662068665027618,39.552634716033936,198.475,198.475,642,0.58561087
0.0006861061,0.0,0.0018587888,0.0018587888,5,73550,0.21454787254333496,40.08114838600159,198.475,198.475,647,0.6009825
0.0008926926,0.0,0.002620237,0.002620237,6,74749,0.5258504748344421,40.6161162853241,198.45,198.45,653,0.5849259
0.00078024133,0.0,0.0048513496,0.0048513496,5,75749,0.6199924051761627,41.16481614112854,198.45,198.45,658,0.57442886
0.00078569364,0.0,0.0032103756,0.0032103756,5,76668,0.544994592666626,41.70986270904541,196.425,196.425,663,0.5759938
0.0007656269,0.0,0.002136511,0.002136511,5,77668,0.4224831461906433,42.262012243270874,197.525,197.525,668,0.58162606
0.0009220225,0.0,0.004502693,0.004502693,5,78668,0.3802434802055359,42.847068786621094,197.525,197.525,673,0.57614565
0.00076495344,0.0,0.0045721424,0.0045721424,6,79868,-0.08187901973724365,43.416287899017334,197.525,197.525,679,0.58397543
0.0008075725,0.0,0.003576423,0.003576423,5,80868,0.35899150371551514,44.00562763214111,197.95,197.95,684,0.5750162
0.0006632314,0.0,0.003218989,0.003218989,5,81868,0.4789072871208191,44.563800573349,197.95,197.95,689,0.5818209
0.00070123497,0.0,0.0017873412,0.0017873412,5,82868,0.6339873373508453,45.11845684051514,197.975,197.975,694,0.58658254
0.0006940189,0.0,0.002034342,0.002034342,5,83868,0.6022076308727264,45.6510226726532,197.975,197.975,699,0.5917175
0.00076380954,0.0,0.0074663907,0.0074663907,6,84918,0.4052020311355591,46.17832565307617,196.25,196.25,705,0.5592195
0.0006287818,0.0,0.0019823206,0.0019823206,5,85918,0.48873162269592285,46.72560477256775,196.25,196.25,710,0.5920121
0.0006835973,0.0,0.0043552513,0.0043552513,5,86918,0.8069195747375488,47.283467054367065,196.25,196.25,715,0.5882275
0.0007747304,0.0,0.0051742904,0.0051742904,6,88035,0.45593416690826416,47.852057695388794,194.175,194.175,721,0.5687686
0.0007960551,0.0,0.0061991923,0.0061991923,5,88903,0.5148669183254242,48.43191385269165,190.875,190.875,726,0.5625825
0.00068966707,0.0,0.0068977987,0.0068977987,6,90011,0.5326824486255646,48.96394968032837,188.575,188.575,732,0.55638003
0.0008429416,0.0,0.0021814834,0.0021814834,5,91011,0.6349146664142609,49.491204261779785,188.575,188.575,737,0.58484334
0.00077559095,0.0,0.0037692634,0.0037692634,5,92011,0.6708481311798096,50.078243017196655,189.35,189.35,742,0.5844557
0.0007383033,0.0,0.00250884,0.00250884,5,93011,-0.16484296321868896,50.66626262664795,192.325,192.325,747,0.59106195
0.0008035808,0.0,0.006071617,0.006071617,7,94179,0.17584002017974854,51.250558376312256,186.525,186.525,754,0.5673203
0.0006249589,0.0,0.0029840237,0.0029840237,5,95179,0.20515549182891846,51.817328691482544,186.525,186.525,759,0.5709715
0.00092881796,0.0,0.0027559474,0.0027559474,5,96179,0.06130838394165039,52.40374803543091,188.6,188.6,764,0.590085
0.0008647021,0.0,0.0047580227,0.0047580227,5,97179,0.6556702256202698,52.988524436950684,191.9,191.9,769,0.5662794
0.0009941305,0.0,0.0030997247,0.0030997247,5,98179,0.6084423959255219,53.528213024139404,194.2,194.2,774,0.5868063
0.000630048,0.0,0.0026480833,0.0026480833,5,99179,0.2217024564743042,54.11519169807434,194.2,194.2,779,0.5976361
0.00078142696,0.0,0.0040862877,0.0040862877,5,100179,0.3081628680229187,54.66729116439819,194.2,194.2,784,0.59242886
