TimestepsSoFar,entloss,EpThisIter,EpRewMean,optimgain,EpisodesSoFar,surrgain,ev_tdlam_before,entropy,TimeElapsed,meankl,EpLenMean
1018,0.0,45,22.9,0.0053045694,45,0.0053045694,-0.0015534162521362305,0.6923552,0.6445493698120117,0.0008345529,22.9
2043,0.0,40,25.625,0.007091364,85,0.007091364,-0.00933837890625,0.6898205,1.135577917098999,0.0009841915,25.625
3055,0.0,43,23.425,0.006330094,128,0.006330094,0.0010340213775634766,0.6851834,1.650028944015503,0.0009855438,23.425
4052,0.0,40,24.925,0.0076258443,168,0.0076258443,0.0032202601432800293,0.67967486,2.156008005142212,0.0010064768,24.925
5119,0.0,29,35.075,0.006813258,197,0.006813258,-0.0069010257720947266,0.6748289,2.6431612968444824,0.0010096219,35.075
6068,0.0,31,34.025,0.007870141,228,0.007870141,0.0023636221885681152,0.665413,3.2038767337799072,0.00095613743,34.025
7156,0.0,28,34.825,0.0080849305,256,0.0080849305,0.018508076667785645,0.6579199,3.7525722980499268,0.00096175884,34.825
8188,0.0,22,45.35,0.0068762796,278,0.0068762796,0.005616188049316406,0.6499609,4.254615068435669,0.00091837853,45.35
9208,0.0,18,51.3,0.0073489007,296,0.0073489007,0.02167302370071411,0.64429307,4.744987964630127,0.0008554049,51.3
10213,0.0,13,64.075,0.006017942,309,0.006017942,0.014715075492858887,0.64286566,5.261967658996582,0.0008914473,64.075
11181,0.0,13,69.55,0.008088087,322,0.008088087,0.02033752202987671,0.6308907,5.797621488571167,0.0007895295,69.55
12224,0.0,10,82.675,0.005078609,332,0.005078609,0.032037436962127686,0.62312865,6.32881236076355,0.0006919465,82.675
13288,0.0,8,93.05,0.005744702,340,0.005744702,0.015882790088653564,0.6262217,6.8230955600738525,0.0006157924,93.05
14270,0.0,8,104.925,0.004433737,348,0.004433737,0.0013440251350402832,0.61215127,7.3322389125823975,0.0008509106,104.925
15269,0.0,8,114.05,0.006151572,356,0.006151572,0.008584558963775635,0.6184666,7.831680536270142,0.00069598533,114.05
16307,0.0,6,128.15,0.0053733974,362,0.0053733974,0.008204817771911621,0.6099017,8.294999122619629,0.0007337784,128.15
17367,0.0,6,141.575,0.0065433667,368,0.0065433667,0.013448953628540039,0.6023839,8.81754732131958,0.00084140705,141.575
18314,0.0,5,148.775,0.0058719264,373,0.0058719264,0.005791783332824707,0.59119236,9.336280584335327,0.0007528627,148.775
19290,0.0,6,153.35,0.004701755,379,0.004701755,0.0026755928993225098,0.6088343,9.844309568405151,0.00076298247,153.35
20413,0.0,6,160.8,0.0037963027,385,0.0037963027,0.005672276020050049,0.6105796,10.398382902145386,0.0005889245,160.8
21393,0.0,5,173.05,0.0053856783,390,0.0053856783,0.0006521940231323242,0.60640967,10.898621082305908,0.0007665211,173.05
22527,0.0,7,176.45,0.0059826765,397,0.0059826765,0.0003071427345275879,0.6021336,11.425854444503784,0.00056196563,176.45
23489,0.0,5,179.55,0.0039804685,402,0.0039804685,0.008813798427581787,0.5900073,11.97895884513855,0.00083093613,179.55
24564,0.0,6,179.925,0.005087965,408,0.005087965,0.0037003159523010254,0.58151203,12.504162073135376,0.00075554487,179.925
25554,0.0,5,181.0,0.0027370101,413,0.0027370101,0.012111544609069824,0.60579276,13.06779670715332,0.0006456785,181.0
26499,0.0,5,184.375,0.0068350006,418,0.0068350006,0.015758156776428223,0.59613645,13.639636039733887,0.00095540436,184.375
27639,0.0,6,185.425,0.0057023987,424,0.0057023987,0.008099496364593506,0.58532846,14.178261995315552,0.0009056191,185.425
28535,0.0,5,183.55,0.0045597204,429,0.0045597204,0.023801088333129883,0.57643706,14.699012279510498,0.00050931395,183.55
29545,0.0,6,183.75,0.0072700726,435,0.0072700726,-0.0021654367446899414,0.5886097,15.250234365463257,0.00077587104,183.75
30545,0.0,5,185.45,0.004096413,440,0.004096413,0.005261063575744629,0.58856565,15.740959882736206,0.0007827597,185.45
31545,0.0,5,187.125,0.0028222091,445,0.0028222091,-0.001754164695739746,0.59474504,16.259780645370483,0.000677723,187.125
32745,0.0,6,189.775,0.0031826855,451,0.0031826855,0.0003281235694885254,0.5931144,16.813800811767578,0.00061140815,189.775
33745,0.0,5,190.1,0.0045624534,456,0.0045624534,-0.0018694400787353516,0.59485304,17.318880081176758,0.00072787877,190.1
34736,0.0,5,190.925,0.004458255,461,0.004458255,-0.001675248146057129,0.58444846,17.854110956192017,0.00053661683,190.925
35772,0.0,6,190.025,0.0053503397,467,0.0053503397,-0.001440882682800293,0.5669744,18.408881187438965,0.0005646116,190.025
36691,0.0,5,193.55,0.004843818,472,0.004843818,-0.0017296075820922852,0.5898562,18.902297735214233,0.00086421345,193.55
37691,0.0,5,193.65,0.0029259208,477,0.0029259208,-0.002017378807067871,0.58833635,19.394620656967163,0.00037647557,193.65
38770,0.0,6,190.625,0.0039844923,483,0.0039844923,-0.0013995170593261719,0.57407576,19.926300287246704,0.00066564383,190.625
39770,0.0,5,190.625,0.0049431166,488,0.0049431166,-0.0018813610076904297,0.5928744,20.406607627868652,0.00094163214,190.625
40770,0.0,5,190.625,0.0039934386,493,0.0039934386,-0.0011748075485229492,0.5960943,20.9441556930542,0.0008290966,190.625
41916,0.0,6,189.275,0.0046759807,499,0.0046759807,-0.0015195608139038086,0.5763257,21.528077363967896,0.00055024633,189.275
42916,0.0,5,189.5,0.002740999,504,0.002740999,-0.001354217529296875,0.59589964,22.0531063079834,0.00061593216,189.5
43916,0.0,5,195.55,0.0044433386,509,0.0044433386,-0.0011543035507202148,0.5983399,22.58717441558838,0.0010695317,195.55
44916,0.0,5,195.625,0.0036718308,514,0.0036718308,-0.0014449357986450195,0.5854931,23.134331464767456,0.0006250271,195.625
45916,0.0,5,195.95,0.003292377,519,0.003292377,-0.0010039806365966797,0.5890777,23.642658710479736,0.000613911,195.95
46916,0.0,5,198.65,0.0034269965,524,0.0034269965,-0.0012716054916381836,0.59081304,24.190589666366577,0.0004928601,198.65
48079,0.0,6,197.725,0.005659557,530,0.005659557,-0.0006810426712036133,0.5666845,24.741807460784912,0.0008279108,197.725
49079,0.0,5,197.725,0.0028532012,535,0.0028532012,-0.0012867450714111328,0.5786891,25.271568298339844,0.00066828984,197.725
50079,0.0,5,199.075,0.0032255636,540,0.0032255636,-0.0008944272994995117,0.58775246,25.824748754501343,0.00078154297,199.075
51183,0.0,6,196.675,0.0040552653,546,0.0040552653,-0.000762939453125,0.57293594,26.327306509017944,0.0006539879,196.675
52153,0.0,5,195.925,0.0032596127,551,0.0032596127,-0.0008912086486816406,0.5738113,26.830334186553955,0.0006590093,195.925
53153,0.0,5,195.925,0.0029631397,556,0.0029631397,-0.0010335445404052734,0.5822175,27.375261306762695,0.00074887,195.925
54153,0.0,5,195.925,0.006470663,561,0.006470663,-0.00021398067474365234,0.5677036,27.93068528175354,0.001021369,195.925
55144,0.0,5,195.7,0.005393426,566,0.005393426,-0.0006811618804931641,0.5739356,28.455143451690674,0.00067901565,195.7
56144,0.0,5,196.625,0.0034689722,571,0.0034689722,4.971027374267578e-05,0.5856031,29.006811141967773,0.0008033453,196.625
57219,0.0,6,193.5,0.0036025224,577,0.0036025224,-0.00027120113372802734,0.57242763,29.50657367706299,0.00081163965,193.5
58192,0.0,5,192.825,0.004088088,582,0.004088088,-0.0010840892791748047,0.5773554,30.00204062461853,0.00075126195,192.825
59392,0.0,6,195.225,0.005328373,588,0.005328373,-0.0002950429916381836,0.57775486,30.485299587249756,0.000771828,195.225
60392,0.0,5,195.975,0.0045278994,593,0.0045278994,-0.00014483928680419922,0.5754396,31.0002863407135,0.0007330631,195.975
61371,0.0,5,195.45,0.004712905,598,0.004712905,0.00018841028213500977,0.5779555,31.519556045532227,0.00091452664,195.45
62425,0.0,6,191.8,0.0072213756,604,0.0072213756,0.0027188658714294434,0.56047475,32.08175587654114,0.0007859861,191.8
63373,0.0,5,190.725,0.003765629,609,0.003765629,0.04157817363739014,0.58119524,32.617592334747314,0.00064484274,190.725
64440,0.0,6,190.525,0.00499247,615,0.00499247,2.8967857360839844e-05,0.5791411,33.142927408218384,0.0005903967,190.525
65440,0.0,5,191.2,0.0053960546,620,0.0053960546,0.012968897819519043,0.58242345,33.70688319206238,0.000776761,191.2
66547,0.0,6,188.875,0.0076408973,626,0.0076408973,0.04834318161010742,0.57863355,34.23763561248779,0.0008795642,188.875
67547,0.0,5,188.875,0.0043812227,631,0.0043812227,0.0071942806243896484,0.5908401,34.76592254638672,0.0004816115,188.875
68547,0.0,5,189.4,0.0037946068,636,0.0037946068,0.009970605373382568,0.5678626,35.32898736000061,0.0005674027,189.4
69547,0.0,5,190.725,0.0022832241,641,0.0022832241,0.006463408470153809,0.5956464,35.867380142211914,0.0005984048,190.725
70539,0.0,5,192.85,0.006187701,646,0.006187701,-0.00041747093200683594,0.5802422,36.352773904800415,0.0007298067,192.85
71588,0.0,6,191.85,0.00616128,652,0.00616128,0.07352250814437866,0.56952965,36.92100477218628,0.0006209451,191.85
72702,0.0,6,191.55,0.0058322875,658,0.0058322875,0.008745849132537842,0.57146347,37.43185877799988,0.00073405285,191.55
73655,0.0,5,190.85,0.0044170525,663,0.0044170525,0.1260731816291809,0.57673186,37.96678161621094,0.0008329096,190.85
74620,0.0,5,191.825,0.0035359662,668,0.0035359662,0.114932119846344,0.5892088,38.52109932899475,0.0005640574,191.825
75596,0.0,5,191.225,0.004391571,673,0.004391571,0.027339041233062744,0.5731399,39.07518148422241,0.00058250566,191.225
76764,0.0,6,190.425,0.0048643476,679,0.0048643476,0.18362998962402344,0.59077585,39.592339277267456,0.0007271236,190.425
77721,0.0,5,189.55,0.003695976,684,0.003695976,0.42395877838134766,0.5957637,40.134530544281006,0.0005132172,189.55
78710,0.0,5,190.3,0.0082491655,689,0.0082491655,0.17114967107772827,0.568889,40.63635754585266,0.0007814042,190.3
79710,0.0,5,193.05,0.0054182885,694,0.0054182885,0.17183631658554077,0.57219976,41.15351986885071,0.0008970259,193.05
80710,0.0,5,195.2,0.002325228,699,0.002325228,0.17548763751983643,0.58587956,41.669203996658325,0.0005694858,195.2
81916,0.0,7,191.525,0.0039647776,706,0.0039647776,0.11913228034973145,0.58173364,42.16326427459717,0.0006446161,191.525
82916,0.0,5,193.0,0.002886855,711,0.002886855,0.14153707027435303,0.59492373,42.692604780197144,0.00054246956,193.0
83783,0.0,5,190.475,0.0050079203,716,0.0050079203,0.055863022804260254,0.5770173,43.210389137268066,0.00066534494,190.475
84967,0.0,6,191.15,0.0026039064,722,0.0026039064,0.07051384449005127,0.5813192,43.73559641838074,0.00065963645,191.15
85851,0.0,5,188.525,0.0033423437,727,0.0033423437,0.03459209203720093,0.5900279,44.27853965759277,0.00049009104,188.525
87019,0.0,6,187.725,0.0031125203,733,0.0031125203,-0.02770376205444336,0.569483,44.78931498527527,0.0005180778,187.725
88061,0.0,6,183.775,0.004565159,739,0.004565159,0.09065669775009155,0.57254314,45.3052659034729,0.0008045313,183.775
89061,0.0,5,188.625,0.003941266,744,0.003941266,0.0005508661270141602,0.58651614,45.80370759963989,0.0007211905,188.625
89996,0.0,5,187.0,0.0042007444,749,0.0042007444,-0.002844691276550293,0.57248116,46.329824924468994,0.0008225818,187.0
90996,0.0,5,190.325,0.0039087376,754,0.0039087376,0.027951061725616455,0.5702522,46.854755878448486,0.00072259177,190.325
92116,0.0,6,188.725,0.0058534928,760,0.0058534928,0.089741051197052,0.57146287,47.40668606758118,0.0007022039,188.725
93116,0.0,5,191.625,0.002723947,765,0.002723947,0.014744043350219727,0.5830027,47.945027112960815,0.0008045989,191.625
94047,0.0,5,189.9,0.004271487,770,0.004271487,0.005719542503356934,0.5714084,48.44649910926819,0.0006530261,189.9
95121,0.0,6,187.55,0.007658696,776,0.007658696,0.05373042821884155,0.55970407,48.96919107437134,0.00083127234,187.55
96157,0.0,6,187.4,0.0066042617,782,0.0066042617,0.04921501874923706,0.5687689,49.504070520401,0.00076100806,187.4
97103,0.0,5,187.675,0.009007282,787,0.009007282,0.022043704986572266,0.5685042,50.01463770866394,0.00091550197,187.675
98303,0.0,6,187.675,0.0046658986,793,0.0046658986,-0.006865382194519043,0.5678463,50.52767491340637,0.0006822271,187.675
99239,0.0,5,188.075,0.005485802,798,0.005485802,0.007652759552001953,0.55841196,51.029348373413086,0.00080893014,188.075
100239,0.0,5,188.075,0.004938003,803,0.004938003,0.014152348041534424,0.5708749,51.57895350456238,0.00059723435,188.075
