EpLenMean,TimeElapsed,EpisodesSoFar,optimgain,entloss,entropy,ev_tdlam_before,EpRewMean,meankl,TimestepsSoFar,EpThisIter,surrgain
22.75,0.6352040767669678,46,0.13628827,0.0,0.4738415,0.0021950602531433105,22.75,0.31867158,1024,46,0.13628827
42.775,1.127312183380127,54,0.03959441,0.0,0.39698684,0.006544768810272217,42.775,0.43867195,2022,8,0.03959441
63.7,1.7071614265441895,62,0.0366231,0.0,0.37417504,0.03742116689682007,63.7,0.35971817,3072,8,0.0366231
85.725,2.2321603298187256,68,0.036647275,0.0,0.49536657,-0.007973909378051758,85.725,0.21449426,4072,6,0.036647275
104.05,2.739933729171753,76,0.055109095,0.0,0.3517421,-0.006566643714904785,104.05,0.30947036,4959,8,0.055109095
126.675,3.272937774658203,84,0.05282042,0.0,0.41014883,-0.05423116683959961,126.675,0.2729379,6050,8,0.05282042
127.775,3.812258720397949,93,0.04328989,0.0,0.4150929,-0.09500408172607422,127.775,0.23984207,7060,9,0.04328989
115.85,4.318992376327515,105,0.054605193,0.0,0.37531713,-0.08444535732269287,115.85,0.20043068,8129,12,0.054605193
107.125,4.852295637130737,115,0.16669086,0.0,0.3836726,-0.07070457935333252,107.125,0.4215858,9173,10,0.16669086
9.425,5.413553714752197,218,0.060579773,0.0,0.21982321,0.09015762805938721,9.425,0.13637312,10232,103,0.060579773
9.7,5.957714319229126,324,0.09759563,0.0,0.12149642,0.6942419409751892,9.7,0.6597469,11260,106,0.09759563
10.675,6.500447034835815,420,0.019131858,0.0,0.21518433,0.29403746128082275,10.675,0.053910766,12281,96,0.019131858
10.45,7.041262626647949,515,0.02133112,0.0,0.38260663,-0.12184333801269531,10.45,0.177939,13303,95,0.02133112
10.125,7.6062610149383545,616,0.0672646,0.0,0.28583258,-0.17301106452941895,10.125,0.53832823,14330,101,0.0672646
17.425,8.144780158996582,674,0.0423522,0.0,0.30833054,-0.32716691493988037,17.425,0.26130557,15343,58,0.0423522
26.675,8.741212606430054,709,0.027516898,0.0,0.26257783,-0.12566852569580078,26.675,0.19867972,16340,35,0.027516898
33.95,9.291570901870728,739,0.03260331,0.0,0.23724802,-0.03930091857910156,33.95,0.03426127,17380,30,0.03260331
31.925,9.820024967193604,771,0.061140332,0.0,0.14598668,-0.0032134056091308594,31.925,0.7366903,18418,32,0.061140332
41.75,10.391541481018066,790,0.017741058,0.0,0.42086983,0.15877962112426758,41.75,0.10913636,19443,19,0.017741058
58.8,10.929461002349854,803,0.06434027,0.0,0.44021678,0.1350356936454773,58.8,0.3585276,20477,13,0.06434027
22.05,11.441125631332397,849,0.04433327,0.0,0.2970568,-0.009247779846191406,22.05,0.2949847,21453,46,0.04433327
27.75,11.991315126419067,886,0.018484738,0.0,0.40261817,0.014750659465789795,27.75,0.037867233,22525,37,0.018484738
27.275,12.533982753753662,923,0.007662326,0.0,0.37539494,0.03646063804626465,27.275,0.18030018,23534,37,0.007662326
18.075,13.068822860717773,979,0.010045657,0.0,0.240364,0.1390380859375,18.075,0.1608399,24556,56,0.010045657
18.4,13.638831377029419,1036,0.100392625,0.0,0.29786402,0.09123486280441284,18.4,0.3682647,25599,57,0.100392625
39.075,14.166258573532104,1043,0.02316679,0.0,0.23614328,-0.0024825334548950195,39.075,0.657755,26556,7,0.02316679
61.25,14.704698324203491,1048,0.09127452,0.0,0.19366889,-0.018366575241088867,61.25,0.6028677,27530,5,0.09127452
84.05,15.246210813522339,1054,0.056900226,0.0,0.30655584,-0.019556045532226562,84.05,0.30536678,28612,6,0.056900226
106.4,15.791445255279541,1062,0.20504989,0.0,0.33640814,0.016296863555908203,106.4,0.51768494,29608,8,0.20504989
17.325,16.300342321395874,1116,0.16740729,0.0,0.39419216,0.08727669715881348,17.325,0.33099097,30711,54,0.16740729
37.85,16.821396112442017,1121,0.014128014,0.0,0.2864585,-0.03073585033416748,37.85,0.14011131,31609,5,0.014128014
60.825,17.308974981307983,1126,0.026741106,0.0,0.35561097,-0.014439702033996582,60.825,0.19603515,32609,5,0.026741106
86.575,17.814893007278442,1133,0.10681841,0.0,0.27666032,0.024814963340759277,86.575,0.37477624,33786,7,0.10681841
106.25,18.373475551605225,1142,0.029107742,0.0,0.14406967,-0.01731288433074951,106.25,0.41103268,34743,9,0.029107742
128.275,18.88463306427002,1150,0.020034984,0.0,0.24203569,-0.01866936683654785,128.275,0.26894662,35743,8,0.020034984
147.575,19.414684057235718,1157,0.04992708,0.0,0.21233615,-0.014706969261169434,147.575,0.4304969,36814,7,0.04992708
136.225,19.97419810295105,1165,0.048963927,0.0,0.27570415,-0.009753227233886719,136.225,0.18356699,37858,8,0.048963927
127.95,20.478734493255615,1173,0.03126329,0.0,0.25580418,0.039919495582580566,127.95,0.07635743,38904,8,0.03126329
129.575,21.040841817855835,1182,0.016106438,0.0,0.24488497,0.008254587650299072,129.575,0.09602354,39926,9,0.016106438
129.05,21.583834648132324,1190,0.01806508,0.0,0.19850503,0.00447237491607666,129.05,0.46857673,40905,8,0.01806508
133.725,22.112480401992798,1195,0.031878274,0.0,0.17095959,0.21625357866287231,133.725,0.1540711,41842,5,0.031878274
136.925,22.67521619796753,1202,0.08659577,0.0,0.2393792,0.10136127471923828,136.925,0.24745582,42960,7,0.08659577
144.225,23.23638129234314,1207,0.039449543,0.0,0.15091515,0.4030623435974121,144.225,0.5068652,43855,5,0.039449543
153.35,23.780437469482422,1213,0.064899705,0.0,0.17453155,0.05130124092102051,153.35,0.39079556,45038,6,0.064899705
162.95,24.296639680862427,1218,0.056524314,0.0,0.215786,-0.002606630325317383,162.95,0.6563376,46038,5,0.056524314
161.225,24.814873456954956,1227,0.07879932,0.0,0.28956836,-0.0043457746505737305,161.225,0.33866966,47055,9,0.07879932
154.625,25.35210084915161,1235,0.0393662,0.0,0.33320445,-0.003985881805419922,154.625,0.67154837,48027,8,0.0393662
92.175,25.887923002243042,1255,0.022983529,0.0,0.213514,-0.00929117202758789,92.175,0.08825073,49125,20,0.022983529
59.4,26.43264102935791,1273,0.13164228,0.0,0.2936862,-0.009761929512023926,59.4,0.6228405,50154,18,0.13164228
54.125,26.925365686416626,1290,0.03418809,0.0,0.333894,-0.0027153491973876953,54.125,0.32889402,51054,17,0.03418809
67.15,27.435527563095093,1302,0.011054963,0.0,0.3269794,-0.004919886589050293,67.15,0.2827849,52219,12,0.011054963
81.225,27.990076780319214,1309,0.022005135,0.0,0.35767037,-0.002801656723022461,81.225,0.03104687,53174,7,0.022005135
95.125,28.55565905570984,1317,0.1382385,0.0,0.18122463,-0.004221558570861816,95.125,0.7467885,54218,8,0.1382385
91.575,29.112231492996216,1336,0.11521469,0.0,0.23426631,-0.0004451274871826172,91.575,0.24036464,55294,19,0.11521469
91.275,29.65506100654602,1345,0.08793594,0.0,0.20173767,-0.005036711692810059,91.275,0.5694876,56262,9,0.08793594
84.0,30.160799741744995,1355,0.013241913,0.0,0.1848157,-0.004131793975830078,84.0,0.084923714,57310,10,0.013241913
89.625,30.67567205429077,1363,0.067427024,0.0,0.20296389,-0.0033121109008789062,89.625,0.28770798,58312,8,0.067427024
106.175,31.215806484222412,1373,0.08991864,0.0,0.20970088,0.024117469787597656,106.175,0.45992288,59303,10,0.08991864
109.325,31.72424864768982,1382,0.1262681,0.0,0.24155769,0.28096091747283936,109.325,0.4608683,60393,9,0.1262681
115.075,32.242695808410645,1390,0.0010598763,0.0,0.23743635,0.23882204294204712,115.075,0.24385,61399,8,0.0010598763
93.65,32.76329255104065,1406,0.0429115,0.0,0.17835827,0.003701508045196533,93.65,0.20990756,62394,16,0.0429115
79.4,33.29631209373474,1421,0.073977895,0.0,0.22619608,0.16382968425750732,79.4,0.4235177,63452,15,0.073977895
68.55,33.853646755218506,1432,0.11779026,0.0,0.2193353,0.00626140832901001,68.55,0.47238013,64399,11,0.11779026
85.425,34.36832666397095,1439,0.033962883,0.0,0.26847956,-0.0065163373947143555,85.425,0.42629862,65415,7,0.033962883
86.325,34.89194655418396,1456,0.00698426,0.0,0.22522548,-0.019495248794555664,86.325,0.43106884,66540,17,0.00698426
78.55,35.429508447647095,1472,0.06489842,0.0,0.10811201,-0.017544031143188477,78.55,0.20138612,67541,16,0.06489842
69.575,35.94259262084961,1483,0.14925124,0.0,0.2041856,0.01024860143661499,69.575,0.44210643,68566,11,0.14925124
81.6,36.479597330093384,1493,0.034809906,0.0,0.25926724,0.15454310178756714,81.6,0.27445057,69612,10,0.034809906
91.0,37.04016900062561,1503,0.07327199,0.0,0.23318931,0.07478922605514526,91.0,0.27339765,70600,10,0.07327199
102.0,37.56973886489868,1511,0.026631122,0.0,0.22855839,0.005328834056854248,102.0,0.2757721,71570,8,0.026631122
100.025,38.08068561553955,1523,0.09665626,0.0,0.17759863,0.10700267553329468,100.025,0.35346878,72567,12,0.09665626
112.95,38.63643217086792,1529,0.058454573,0.0,0.24019492,0.0006607770919799805,112.95,0.2330873,73640,6,0.058454573
121.65,39.13737940788269,1536,0.14781845,0.0,0.3746832,0.08859676122665405,121.65,0.48968345,74682,7,0.14781845
110.95,39.6481568813324,1549,0.1371476,0.0,0.2714238,0.005291283130645752,110.95,0.5592776,75761,13,0.1371476
49.775,40.152918577194214,1577,0.23983112,0.0,0.22787663,-0.04046022891998291,49.775,0.31604353,76782,28,0.23983112
42.9,40.68760800361633,1598,0.0686106,0.0,0.18030415,0.09684228897094727,42.9,0.49110404,77821,21,0.0686106
60.35,41.19894242286682,1603,0.031002007,0.0,0.06231805,0.0065985918045043945,60.35,0.46031648,78701,5,0.031002007
81.95,41.71989154815674,1608,0.024183828,0.0,0.09816015,-0.028818249702453613,81.95,0.22604264,79701,5,0.024183828
102.225,42.20978355407715,1614,0.025823215,0.0,0.093380466,0.06253689527511597,102.225,0.23541719,80759,6,0.025823215
120.525,42.7569944858551,1620,0.019654047,0.0,0.14846937,0.06269800662994385,120.525,0.060616367,81733,6,0.019654047
140.975,43.30192303657532,1626,0.10375151,0.0,0.24299583,0.030788421630859375,140.975,0.36104658,82825,6,0.10375151
156.45,43.80839538574219,1632,0.08488272,0.0,0.2648629,0.0051503777503967285,156.45,0.5062451,83808,6,0.08488272
40.5,44.34627842903137,1669,0.05278354,0.0,0.10834733,0.0035453438758850098,40.5,0.27753913,84948,37,0.05278354
48.975,44.87716221809387,1676,0.19795759,0.0,0.21290454,0.015687108039855957,48.975,0.34504566,85989,7,0.19795759
62.55,45.40523862838745,1691,0.07574045,0.0,0.16812803,0.07276761531829834,62.55,0.23941226,87023,15,0.07574045
81.4,45.94672083854675,1703,0.10969445,0.0,0.16289297,0.19770574569702148,81.4,0.653,88052,12,0.10969445
94.05,46.468433141708374,1711,0.050055854,0.0,0.14819366,0.07243973016738892,94.05,0.22642933,88971,8,0.050055854
88.275,47.0115761756897,1723,0.008772541,0.0,0.16758831,0.20561105012893677,88.275,0.10156809,90084,12,0.008772541
94.225,47.55858254432678,1734,0.019973574,0.0,0.30721587,0.7225005328655243,94.225,0.48795095,91063,11,0.019973574
73.5,48.07929968833923,1753,0.021653073,0.0,0.35886893,0.3745654821395874,73.5,0.24339807,92151,19,0.021653073
62.025,48.57682967185974,1770,0.071267426,0.0,0.15979958,0.16700208187103271,62.025,0.4554121,93175,17,0.071267426
67.525,49.15288758277893,1780,0.03960269,0.0,0.19186497,0.5718329846858978,67.525,0.1540339,94127,10,0.03960269
81.6,49.716912031173706,1786,2.6462955,0.0,0.28259856,0.2061293125152588,81.6,0.41883278,95036,6,2.6462955
90.175,50.2084105014801,1799,0.06974058,0.0,0.24374555,0.16928648948669434,90.175,0.4611426,96139,13,0.06974058
109.9,50.78788447380066,1806,0.030946944,0.0,0.2559821,0.02467179298400879,109.9,0.34350103,97260,7,0.030946944
122.15,51.28026485443115,1811,0.12146867,0.0,0.3402979,0.009057044982910156,122.15,0.41921517,98144,5,0.12146867
133.5,51.78273320198059,1816,0.026973113,0.0,0.23097347,0.010024845600128174,133.5,0.73586583,99144,5,0.026973113
145.6,52.30324864387512,1822,0.016056143,0.0,0.22286852,0.06338989734649658,145.6,0.18350817,100214,6,0.016056143
