TimestepsSoFar,EpThisIter,entropy,EpisodesSoFar,TimeElapsed,entloss,meankl,EpLenMean,surrgain,optimgain,EpRewMean,ev_tdlam_before
1005,42,0.6923599,42,0.6048738956451416,0.0,0.00086699525,24.2,0.0068488447,0.0068488447,24.2,-0.004829883575439453
2019,35,0.68984735,77,1.1017539501190186,0.0,0.00096866675,28.5,0.0075475033,0.0075475033,28.5,0.0007620453834533691
3063,43,0.68528366,120,1.6608707904815674,0.0,0.0008815569,23.975,0.0068350113,0.0068350113,23.975,-0.011417508125305176
4081,37,0.6807085,157,2.1746084690093994,0.0,0.00092031306,27.2,0.008328698,0.008328698,27.2,0.007561028003692627
5113,38,0.6719514,195,2.700636386871338,0.0,0.0010019892,27.3,0.00844218,0.00844218,27.3,0.0057738423347473145
6142,29,0.6665913,224,3.2790284156799316,0.0,0.00088125054,35.7,0.00835384,0.00835384,35.7,0.014524996280670166
7115,24,0.6595428,248,3.825425863265991,0.0,0.001035948,37.35,0.008804919,0.008804919,37.35,0.008648931980133057
8129,17,0.6508624,265,4.322311162948608,0.0,0.0009239273,49.225,0.0071578287,0.0071578287,49.225,0.022658944129943848
9171,18,0.6388799,283,4.908775329589844,0.0,0.00080207724,54.625,0.007844994,0.007844994,54.625,0.009532809257507324
10211,17,0.6300504,300,5.487452983856201,0.0,0.000929266,59.025,0.00728429,0.00728429,59.025,-0.0003123283386230469
11161,10,0.63781655,310,6.016345977783203,0.0,0.0008022355,66.025,0.007202548,0.007202548,66.025,0.017251789569854736
12262,12,0.62443846,322,6.55234169960022,0.0,0.0008020926,77.775,0.005439409,0.005439409,77.775,0.006213784217834473
13244,8,0.620455,330,7.109995126724243,0.0,0.0008340428,90.325,0.00973876,0.00973876,90.325,0.00768667459487915
14313,9,0.60908544,339,7.627641201019287,0.0,0.0007555443,103.875,0.0044715423,0.0044715423,103.875,0.0056801438331604
15334,7,0.62064,346,8.180159330368042,0.0,0.0007511333,112.35,0.005359123,0.005359123,112.35,0.011041224002838135
16341,8,0.60643804,354,8.70642638206482,0.0,0.0006567613,117.1,0.0051274495,0.0051274495,117.1,0.013200998306274414
17255,7,0.60832727,361,9.213101387023926,0.0,0.00071656564,126.025,0.0074078147,0.0074078147,126.025,0.006002366542816162
18402,8,0.5939107,369,9.769543886184692,0.0,0.0008519192,131.9,0.00759017,0.00759017,131.9,0.03167837858200073
19319,6,0.60156095,375,10.313083171844482,0.0,0.0005474948,135.05,0.0049061747,0.0049061747,135.05,-0.0023326873779296875
20453,7,0.6021547,382,10.840562343597412,0.0,0.00073220755,143.1,0.0056758705,0.0056758705,143.1,0.06340843439102173
21350,5,0.62212306,387,11.365635633468628,0.0,0.00076207204,145.4,0.0060083955,0.0060083955,145.4,0.05685192346572876
22480,6,0.60151005,393,11.93278455734253,0.0,0.0009273355,157.825,0.0046984376,0.0046984376,157.825,0.07316839694976807
23528,6,0.5908026,399,12.523611068725586,0.0,0.00087224157,163.225,0.0055740327,0.0055740327,163.225,0.03047281503677368
24464,5,0.5975214,404,13.051989316940308,0.0,0.00048177395,169.325,0.0039471127,0.0039471127,169.325,0.061726272106170654
25550,6,0.60379124,410,13.663093090057373,0.0,0.00050513295,177.35,0.00362079,0.00362079,177.35,0.10153388977050781
26508,5,0.6195933,415,14.18271541595459,0.0,0.00081198104,179.725,0.004115415,0.004115415,179.725,0.03704202175140381
27636,6,0.6026756,421,14.73521614074707,0.0,0.0007145044,183.15,0.0038349763,0.0038349763,183.15,0.11198669672012329
28631,5,0.6013988,426,15.304847002029419,0.0,0.00059047336,185.35,0.0049909805,0.0049909805,185.35,0.05349135398864746
29551,5,0.59772766,431,15.845582962036133,0.0,0.00062120496,186.0,0.0043038204,0.0043038204,186.0,0.009326159954071045
30522,5,0.60661316,436,16.349949598312378,0.0,0.0008778902,188.175,0.0038494663,0.0038494663,188.175,0.010124504566192627
31611,6,0.5913798,442,16.913033723831177,0.0,0.00078027224,187.075,0.008013241,0.008013241,187.075,0.18449151515960693
32766,6,0.5980554,448,17.427067041397095,0.0,0.0007270308,190.4,0.0037567522,0.0037567522,190.4,0.09646910429000854
33748,5,0.6115999,453,17.921578407287598,0.0,0.00075712276,190.575,0.0050275745,0.0050275745,190.575,0.15648794174194336
34792,6,0.61492205,459,18.48424768447876,0.0,0.0007449498,187.7,0.0033930135,0.0033930135,187.7,0.08403635025024414
35776,7,0.5958389,466,18.996466398239136,0.0,0.00076684996,178.625,0.0039860406,0.0039860406,178.625,0.01699686050415039
36779,6,0.5981532,472,19.50510597229004,0.0,0.00073878706,175.7,0.0039188853,0.0039188853,175.7,0.18889987468719482
37843,6,0.5919665,478,19.996296882629395,0.0,0.0007320565,173.025,0.003406819,0.003406819,173.025,0.1777135133743286
38720,5,0.601482,483,20.509814739227295,0.0,0.0005743433,172.725,0.0035509116,0.0035509116,172.725,0.38315892219543457
39756,6,0.58668494,489,21.039664030075073,0.0,0.00091699837,170.2,0.006577875,0.006577875,170.2,0.08233660459518433
40889,6,0.6032033,495,21.58921527862549,0.0,0.00090962095,171.3,0.0055652126,0.0055652126,171.3,0.21966981887817383
41839,5,0.5992875,500,22.11937665939331,0.0,0.0008012793,174.05,0.0047353148,0.0047353148,174.05,0.3633973002433777
42856,6,0.59994656,506,22.634493112564087,0.0,0.00090374984,177.0,0.005244823,0.005244823,177.0,0.09571361541748047
43968,6,0.5826199,512,23.13199782371521,0.0,0.00085157366,179.725,0.005239273,0.005239273,179.725,0.05170804262161255
44860,5,0.5981042,517,23.649004220962524,0.0,0.00074562995,180.425,0.007608995,0.007608995,180.425,0.009121298789978027
46060,6,0.5824185,523,24.198649883270264,0.0,0.0006364223,183.5,0.0030810982,0.0030810982,183.5,0.027933478355407715
47039,5,0.6078574,528,24.742666482925415,0.0,0.0006061122,187.075,0.004136385,0.004136385,187.075,-0.0013023614883422852
47994,5,0.5970528,533,25.264943838119507,0.0,0.00088803575,187.625,0.0070596356,0.0070596356,187.625,0.10005909204483032
49066,6,0.59018356,539,25.7858726978302,0.0,0.0008216445,185.675,0.0041845394,0.0041845394,185.675,0.10018283128738403
50031,5,0.59798753,544,26.32750916481018,0.0,0.00060683244,188.2,0.003373698,0.003373698,188.2,0.1067693829536438
51012,5,0.5919763,549,26.82801342010498,0.0,0.0007637993,189.225,0.0043041697,0.0043041697,189.225,0.02702474594116211
52111,6,0.5809093,555,27.368313312530518,0.0,0.00072717346,191.275,0.004914744,0.004914744,191.275,0.2237553596496582
53194,6,0.58936137,561,27.911323070526123,0.0,0.0007153941,188.35,0.0060117333,0.0060117333,188.35,-0.003371596336364746
54254,6,0.5938791,567,28.48201584815979,0.0,0.00095579977,185.375,0.0073654726,0.0073654726,185.375,0.08864814043045044
55263,6,0.57966864,573,29.022037744522095,0.0,0.0006659394,181.725,0.0052466923,0.0052466923,181.725,-0.0007787942886352539
56189,5,0.60311925,578,29.567540168762207,0.0,0.00078094855,183.075,0.006002991,0.006002991,183.075,-0.001561284065246582
57244,6,0.5847524,584,30.093573808670044,0.0,0.00083274534,180.325,0.0054070004,0.0054070004,180.325,-0.0033550262451171875
58282,6,0.58733106,590,30.624778509140015,0.0,0.00069526513,176.75,0.003839997,0.003839997,176.75,-0.0010448694229125977
59352,6,0.5760739,596,31.166028261184692,0.0,0.0008604192,177.925,0.007546505,0.007546505,177.925,-0.0013118982315063477
60348,5,0.59534705,601,31.68076753616333,0.0,0.00060968613,178.85,0.0028624507,0.0028624507,178.85,-0.0010807514190673828
61348,5,0.5971868,606,32.215712547302246,0.0,0.0009098537,181.6,0.0048818095,0.0048818095,181.6,-0.0008312463760375977
62279,5,0.5754644,611,32.76048517227173,0.0,0.0008601763,182.7,0.005627785,0.005627785,182.7,-0.0008352994918823242
63467,6,0.59394777,617,33.26940155029297,0.0,0.00085891935,186.95,0.0028876434,0.0028876434,186.95,-0.0010461807250976562
64467,5,0.57861626,622,33.79716992378235,0.0,0.0011324512,190.575,0.0040985155,0.0040985155,190.575,-0.0013047456741333008
65453,5,0.56855553,627,34.31682896614075,0.0,0.000570341,192.925,0.0043148664,0.0043148664,192.925,-0.0005006790161132812
66559,6,0.56237954,633,34.81675672531128,0.0,0.00071217323,194.6,0.0076691564,0.0076691564,194.6,0.03829491138458252
67559,5,0.56369984,638,35.32237720489502,0.0,0.0006398797,195.275,0.0033052224,0.0033052224,195.275,-0.00011682510375976562
68590,6,0.5574533,644,35.835625410079956,0.0,0.00088730885,191.05,0.0071518123,0.0071518123,191.05,0.01867300271987915
69545,5,0.5623809,649,36.356359004974365,0.0,0.00073403376,190.425,0.0048325984,0.0048325984,190.425,0.004007458686828613
70531,5,0.5854517,654,36.8744375705719,0.0,0.00069897255,191.525,0.0042362087,0.0042362087,191.525,-0.0010486841201782227
71531,5,0.56768215,659,37.40487813949585,0.0,0.00091574376,191.6,0.0036977557,0.0036977557,191.6,-0.0008115768432617188
72701,6,0.5740095,665,37.9328351020813,0.0,0.00065070274,191.2,0.0039352323,0.0039352323,191.2,-0.0010352134704589844
73656,5,0.5724083,670,38.46296286582947,0.0,0.0007296647,190.075,0.0045604166,0.0045604166,190.075,-0.0014432668685913086
74625,5,0.5731892,675,38.964478969573975,0.0,0.00068485533,191.65,0.0055793733,0.0055793733,191.65,-0.0014667510986328125
75625,5,0.55517375,680,39.49474620819092,0.0,0.00088707136,191.65,0.0057672756,0.0057672756,191.65,-0.0021545886993408203
76625,5,0.55729806,685,40.02836728096008,0.0,0.00090427947,197.0,0.0055757747,0.0055757747,197.0,-0.0007616281509399414
77785,6,0.5561196,691,40.560715198516846,0.0,0.00082386273,196.025,0.0051547345,0.0051547345,196.025,-0.0007930994033813477
78784,5,0.56228244,696,41.106789350509644,0.0,0.0010011403,196.325,0.0054490915,0.0054490915,196.325,-0.0015385150909423828
79784,5,0.57953936,701,41.66461420059204,0.0,0.00080148876,197.075,0.0051099593,0.0051099593,197.075,-0.0007077455520629883
80832,6,0.56478286,707,42.172513008117676,0.0,0.0007788895,193.275,0.0063285036,0.0063285036,193.275,-2.4318695068359375e-05
81880,6,0.5612748,713,42.71888875961304,0.0,0.0008617608,191.375,0.006598089,0.006598089,191.375,-0.00022971630096435547
82923,6,0.5694115,719,43.263176679611206,0.0,0.0006460714,187.45,0.00623585,0.00623585,187.45,-0.0012276172637939453
83873,5,0.58211434,724,43.812920331954956,0.0,0.00083968916,186.2,0.0069290125,0.0069290125,186.2,-0.0005443096160888672
84947,6,0.55829084,730,44.34375357627869,0.0,0.001032412,184.05,0.0073785298,0.0073785298,184.05,-0.00035774707794189453
85869,5,0.56923187,735,44.874271392822266,0.0,0.00097417505,182.125,0.004875211,0.004875211,182.125,-0.0004978179931640625
87003,6,0.55483097,741,45.42596745491028,0.0,0.0008121878,180.475,0.007904043,0.007904043,180.475,-0.0005432367324829102
87891,5,0.5592065,746,45.94161295890808,0.0,0.0009594283,181.475,0.008029124,0.008029124,181.475,-0.00017392635345458984
89024,6,0.5575274,752,46.488852977752686,0.0,0.00082088925,183.6,0.007143889,0.007143889,183.6,-0.00023043155670166016
90024,5,0.5729185,757,47.040984869003296,0.0,0.00082157145,185.55,0.0047020693,0.0047020693,185.55,-0.00039064884185791016
91001,5,0.5613625,762,47.553609132766724,0.0,0.0008169713,186.95,0.005798978,0.005798978,186.95,0.0008202791213989258
92001,5,0.56742954,767,48.08648085594177,0.0,0.00074749405,191.35,0.0069178543,0.0069178543,191.35,-0.0002745389938354492
93001,5,0.56874,772,48.62318301200867,0.0,0.0007496466,191.35,0.0035471155,0.0035471155,191.35,-0.0004444122314453125
94117,6,0.5676267,778,49.128941774368286,0.0,0.0007425364,192.85,0.0061143353,0.0061143353,192.85,0.0022988319396972656
95112,5,0.5610385,783,49.68747305870056,0.0,0.00082189066,193.55,0.006908537,0.006908537,193.55,0.0023128390312194824
96112,5,0.55925405,788,50.254053592681885,0.0,0.00045938016,195.9,0.0034476456,0.0034476456,195.9,0.009624898433685303
97112,5,0.5835391,793,50.80167555809021,0.0,0.00079239963,197.2,0.0053428626,0.0053428626,197.2,0.020699679851531982
98265,6,0.5694436,799,51.34758400917053,0.0,0.0008441877,196.025,0.005494198,0.005494198,196.025,0.039621055126190186
99265,6,0.55864275,805,51.88641834259033,0.0,0.0008819779,191.6,0.007207297,0.007207297,191.6,0.030823707580566406
100349,7,0.5496479,812,52.4137544631958,0.0,0.00075895875,183.7,0.0058412375,0.0058412375,183.7,0.09336310625076294
