TimeElapsed,TimestepsSoFar,EpisodesSoFar,EpRewMean,ev_tdlam_before,EpLenMean,surrgain,meankl,entloss,EpThisIter,entropy,optimgain
0.6434860229492188,1014,46,23.225,-0.0036230087280273438,23.225,0.0074637644,0.00096675777,0.0,46,0.69217813,0.0074637644
1.176466941833496,2024,87,24.85,-0.005258798599243164,24.85,0.0061166645,0.0008787895,0.0,41,0.6896243,0.0061166645
1.7324745655059814,3063,126,26.325,-0.0011577606201171875,26.325,0.007861271,0.0010541654,0.0,39,0.6848843,0.007861271
2.259772300720215,4083,157,30.9,0.006263315677642822,30.9,0.0082086,0.0010130755,0.0,31,0.680176,0.0082086
2.767411947250366,5073,183,37.425,0.002877473831176758,37.425,0.0068379324,0.0009845556,0.0,26,0.6716963,0.0068379324
3.3055009841918945,6090,215,32.1,0.004906952381134033,32.1,0.009022329,0.0009865761,0.0,32,0.6608708,0.009022329
3.860077142715454,7153,237,38.45,-0.00929558277130127,38.45,0.007302416,0.00094787433,0.0,22,0.6537102,0.007302416
4.362578392028809,8135,252,53.2,-0.012098312377929688,53.2,0.006718062,0.00089352083,0.0,15,0.65233546,0.006718062
4.892002582550049,9163,274,53.125,0.014911055564880371,53.125,0.009139264,0.00092792406,0.0,22,0.629601,0.009139264
5.390233993530273,10199,290,53.6,0.019752204418182373,53.6,0.0069086906,0.0008609655,0.0,16,0.6311122,0.0069086906
5.9337074756622314,11079,300,64.0,0.033961474895477295,64.0,0.0069382135,0.0009055013,0.0,10,0.6279316,0.0069382135
6.522089719772339,12218,310,79.75,0.028034329414367676,79.75,0.0077265273,0.00076261465,0.0,10,0.625219,0.0077265273
7.098799228668213,13270,317,97.375,0.021036267280578613,97.375,0.0038692635,0.0006584346,0.0,7,0.62163126,0.0038692635
7.676095247268677,14164,325,105.4,0.035318613052368164,105.4,0.0058537633,0.00079709,0.0,8,0.61425257,0.0058537633
8.186527252197266,15249,332,121.575,0.018577933311462402,121.575,0.00654839,0.0008038699,0.0,7,0.62315273,0.00654839
8.686533212661743,16342,339,132.675,0.023923218250274658,132.675,0.0040798285,0.0007350499,0.0,7,0.62842655,0.0040798285
9.211896419525146,17398,346,138.625,0.023922741413116455,138.625,0.0067050243,0.0006896808,0.0,7,0.6116309,0.0067050243
9.713839292526245,18374,353,140.6,0.022611021995544434,140.6,0.005582778,0.00068539596,0.0,7,0.60336936,0.005582778
10.252930402755737,19409,359,148.225,0.019493043422698975,148.225,0.0049926196,0.0006235213,0.0,6,0.60859346,0.0049926196
10.773718118667603,20401,368,142.925,0.01795780658721924,142.925,0.0065161926,0.00081938505,0.0,9,0.5901585,0.0065161926
11.365731000900269,21413,375,143.0,0.009304404258728027,143.0,0.0076080374,0.0006614705,0.0,7,0.5916439,0.0076080374
11.906891822814941,22419,381,144.2,0.012542903423309326,144.2,0.004453255,0.0005208844,0.0,6,0.5976995,0.004453255
12.433039903640747,23451,388,143.4,0.009816884994506836,143.4,0.0067047747,0.0005655651,0.0,7,0.60014325,0.0067047747
12.992223739624023,24502,394,148.225,0.009670376777648926,148.225,0.0055628344,0.00088198885,0.0,6,0.6055182,0.0055628344
13.550274848937988,25420,399,150.275,0.011435329914093018,150.275,0.004253761,0.00078505755,0.0,5,0.59634,0.004253761
14.070895433425903,26593,405,165.9,0.00515979528427124,165.9,0.0040021287,0.0006944202,0.0,6,0.6054361,0.0040021287
14.657549381256104,27545,411,168.975,0.01354759931564331,168.975,0.006337718,0.0006810003,0.0,6,0.6017078,0.006337718
15.204269886016846,28667,418,170.925,0.012321114540100098,170.925,0.00607662,0.00091204327,0.0,7,0.6009604,0.00607662
15.706966638565063,29632,423,172.475,0.010724961757659912,172.475,0.0049849222,0.0007498256,0.0,5,0.59610003,0.0049849222
16.265528440475464,30682,429,177.0,0.008632481098175049,177.0,0.006047211,0.000783309,0.0,6,0.5937887,0.006047211
16.82892656326294,31550,434,176.2,0.00726693868637085,176.2,0.004058307,0.00072605937,0.0,5,0.59788257,0.004058307
17.35608148574829,32713,440,177.325,0.006840825080871582,177.325,0.0047549456,0.00048469706,0.0,6,0.59682846,0.0047549456
17.914106607437134,33782,446,176.3,0.0023863911628723145,176.3,0.0062061646,0.0006084735,0.0,6,0.58558536,0.0062061646
18.481428861618042,34619,451,176.85,0.008687019348144531,176.85,0.005465801,0.00081213773,0.0,5,0.5853114,0.005465801
19.02405619621277,35806,457,183.475,0.004468679428100586,183.475,0.005337785,0.00076816074,0.0,6,0.5926393,0.005337785
19.55228090286255,36806,462,184.35,0.0022560954093933105,184.35,0.003291968,0.0007147646,0.0,5,0.5991291,0.003291968
20.103708744049072,37793,467,185.725,0.012728214263916016,185.725,0.0042919824,0.000716837,0.0,5,0.5882591,0.0042919824
20.641757488250732,38793,472,190.275,0.0018302202224731445,190.275,0.006152875,0.0009034687,0.0,5,0.59459066,0.006152875
21.192290544509888,39753,477,190.075,0.008615672588348389,190.075,0.0045827436,0.00073759817,0.0,5,0.59704334,0.0045827436
21.770835399627686,40953,483,194.275,0.006397128105163574,194.275,0.0045643803,0.0008337499,0.0,6,0.6022658,0.0045643803
22.31605887413025,41950,488,194.825,0.0019392967224121094,194.825,0.0057345983,0.0007427491,0.0,5,0.59569645,0.0057345983
22.835063934326172,42950,493,198.6,0.003257572650909424,198.6,0.004138286,0.00069137197,0.0,5,0.60106575,0.004138286
23.361674547195435,43950,498,198.6,0.00142747163772583,198.6,0.0029925623,0.00060529273,0.0,5,0.5905471,0.0029925623
23.900221824645996,44950,503,198.6,0.0003768801689147949,198.6,0.0026255674,0.00055669586,0.0,5,0.5923965,0.0026255674
24.416542530059814,46057,509,196.6,0.001207113265991211,196.6,0.003997949,0.0006712173,0.0,6,0.5949455,0.003997949
25.001419067382812,47057,514,196.6,0.002378404140472412,196.6,0.0058123907,0.0007151227,0.0,5,0.58482385,0.0058123907
25.542037963867188,48010,519,196.425,0.0005817413330078125,196.425,0.0038829702,0.00056752237,0.0,5,0.581704,0.0038829702
26.069469928741455,49089,525,193.4,0.00013631582260131836,193.4,0.0050367964,0.0006193223,0.0,6,0.59546125,0.0050367964
26.68076753616333,50014,530,191.6,0.004046618938446045,191.6,0.0032861554,0.00051805656,0.0,5,0.60429585,0.0032861554
27.244709253311157,51137,536,189.675,-0.00031113624572753906,189.675,0.008721094,0.00075555744,0.0,6,0.5644296,0.008721094
27.78536581993103,52149,542,184.975,0.0008249878883361816,184.975,0.008048175,0.00078246056,0.0,6,0.55713284,0.008048175
28.33125352859497,53133,547,186.375,0.000422060489654541,186.375,0.002747118,0.00063457177,0.0,5,0.58056456,0.002747118
28.88447666168213,54133,552,186.9,0.0008261799812316895,186.9,0.005256085,0.0009793955,0.0,5,0.5629953,0.005256085
29.507745265960693,55133,557,188.075,0.0024200081825256348,188.075,0.0038604755,0.0005505592,0.0,5,0.57783794,0.0038604755
30.019059658050537,56133,562,190.075,-9.882450103759766e-05,190.075,0.0046207975,0.00097282557,0.0,5,0.56926954,0.0046207975
30.552671194076538,57333,568,191.575,0.0010477304458618164,191.575,0.0034576547,0.00061624043,0.0,6,0.5860791,0.0034576547
31.105713367462158,58333,573,193.525,-0.0003077983856201172,193.525,0.003991862,0.0007384579,0.0,5,0.58707494,0.003991862
31.598706483840942,59232,578,192.375,0.001102745532989502,192.375,0.003282692,0.0007089061,0.0,5,0.58085275,0.003282692
32.15978026390076,60414,584,196.625,0.0007784366607666016,196.625,0.004138627,0.00058512075,0.0,6,0.5913327,0.004138627
32.66328549385071,61414,589,197.025,-0.0004388093948364258,197.025,0.0035710253,0.0008394746,0.0,5,0.5953273,0.0035710253
33.18063402175903,62414,594,197.025,-0.00032258033752441406,197.025,0.0059318747,0.000843077,0.0,5,0.57643986,0.0059318747
33.714444398880005,63313,599,194.5,0.0006676316261291504,194.5,0.0033364256,0.00065447146,0.0,5,0.5997301,0.0033364256
34.26350212097168,64357,605,190.6,0.00016629695892333984,190.6,0.0040188534,0.00086437317,0.0,6,0.5859891,0.0040188534
34.83759307861328,65515,611,189.55,0.0006707906723022461,189.55,0.003677155,0.00071864063,0.0,6,0.596889,0.003677155
35.385921001434326,66515,616,192.075,0.003041505813598633,192.075,0.0052640517,0.00082715997,0.0,5,0.5959265,0.0052640517
35.949761629104614,67515,621,192.075,0.0001977086067199707,192.075,0.0023717552,0.0007204193,0.0,5,0.58652526,0.0023717552
36.47420120239258,68443,626,190.725,0.0008637905120849609,190.725,0.0034845173,0.0007357587,0.0,5,0.57125264,0.0034845173
37.0403106212616,69601,632,189.675,0.0017375349998474121,189.675,0.005233307,0.0006622876,0.0,6,0.5884368,0.005233307
37.60710096359253,70585,637,191.8,0.0012883543968200684,191.8,0.0058014076,0.00082777033,0.0,5,0.57469785,0.0058014076
38.12282752990723,71585,642,191.8,0.0007658004760742188,191.8,0.0058414186,0.00078031945,0.0,5,0.571546,0.0058414186
38.67221236228943,72647,648,192.7,0.0005294084548950195,192.7,0.0059252987,0.0007273296,0.0,6,0.5569041,0.0059252987
39.23955821990967,73647,653,193.3,0.0011185407638549805,193.3,0.004032444,0.00084738224,0.0,5,0.5989028,0.004032444
39.79909372329712,74647,658,193.3,0.0005876421928405762,193.3,0.00406033,0.0005626682,0.0,5,0.57786655,0.00406033
40.401816844940186,75647,663,194.4,0.00046819448471069336,194.4,0.0031586874,0.0006615332,0.0,5,0.59070647,0.0031586874
41.061931848526,76613,668,195.3,0.0002893805503845215,195.3,0.0038753625,0.0008270629,0.0,5,0.5675132,0.0038753625
41.62367391586304,77813,674,195.7,-9.679794311523438e-05,195.7,0.005225757,0.0007693837,0.0,6,0.57309335,0.005225757
42.161521673202515,78813,679,195.7,-0.00015103816986083984,195.7,0.0036274698,0.0007248208,0.0,5,0.5868328,0.0036274698
42.732409954071045,79813,684,199.15,0.00018656253814697266,199.15,0.0046979142,0.000665612,0.0,5,0.57502246,0.0046979142
43.303383111953735,80777,689,198.25,0.0004920363426208496,198.25,0.00582023,0.00088760525,0.0,5,0.5848659,0.00582023
43.85351228713989,81777,694,198.25,-0.00025963783264160156,198.25,0.0037927,0.0008251574,0.0,5,0.57730037,0.0037927
44.37657284736633,82769,699,198.05,0.0001175999641418457,198.05,0.005794974,0.0009077381,0.0,5,0.58127993,0.005794974
44.91350340843201,83948,705,197.875,0.001024484634399414,197.875,0.006751757,0.0009515331,0.0,6,0.57878757,0.006751757
45.475207805633545,84948,710,198.375,0.0002262592315673828,198.375,0.002518115,0.0007811327,0.0,5,0.5916989,0.002518115
46.04071354866028,85936,715,198.075,0.0002090930938720703,198.075,0.0042658253,0.0006793279,0.0,5,0.5723134,0.0042658253
46.58137273788452,86893,720,197.0,-0.00011277198791503906,197.0,0.0052200546,0.0006963274,0.0,5,0.59082496,0.0052200546
47.153990507125854,88023,726,195.25,0.0006532073020935059,195.25,0.0049024206,0.00078828307,0.0,6,0.5930592,0.0049024206
47.707645893096924,89023,731,196.15,3.808736801147461e-05,196.15,0.0038466067,0.0007392033,0.0,5,0.5894041,0.0038466067
48.275853395462036,90023,736,196.15,0.00013679265975952148,196.15,0.0020484151,0.0004965086,0.0,5,0.587616,0.0020484151
48.84903287887573,90989,741,196.025,0.0006975531578063965,196.025,0.007305176,0.00079023436,0.0,5,0.5832721,0.007305176
49.3675274848938,92160,747,195.3,0.0005726218223571777,195.3,0.0041521816,0.000885854,0.0,6,0.5827082,0.0041521816
49.915990591049194,93160,752,195.3,-0.00018453598022460938,195.3,0.0037299301,0.0007193235,0.0,5,0.59052587,0.0037299301
50.446361780166626,94176,758,191.625,0.0005726218223571777,191.625,0.004506888,0.0007642122,0.0,6,0.5839514,0.004506888
50.99675726890564,95176,763,192.925,0.00020962953567504883,192.925,0.0055809747,0.0007389011,0.0,5,0.5830752,0.0055809747
51.571993827819824,96076,768,191.325,0.00043779611587524414,191.325,0.004897534,0.0007506859,0.0,5,0.5738532,0.004897534
52.11461639404297,97211,774,189.7,0.00018268823623657227,189.7,0.0043955417,0.00082468253,0.0,6,0.5812924,0.0043955417
52.691306352615356,98211,779,189.7,0.00030422210693359375,189.7,0.0035787197,0.00094906497,0.0,5,0.58784485,0.0035787197
53.229838848114014,99211,784,190.55,-7.49826431274414e-05,190.55,0.00487758,0.00063208013,0.0,5,0.5709473,0.00487758
53.78353953361511,100211,789,191.275,0.0003142356872558594,191.275,0.0032670782,0.00089763285,0.0,5,0.5803371,0.0032670782
