ev_tdlam_before,entloss,meankl,surrgain,optimgain,TimeElapsed,EpisodesSoFar,EpLenMean,entropy,EpRewMean,TimestepsSoFar,EpThisIter
-0.0008414983749389648,0.0,0.00090036006,0.00799937,0.00799937,0.6624243259429932,47,20.375,0.6922618,20.375,997,47
0.1118820309638977,0.0,0.0009807395,0.009495541,0.009495541,1.1837711334228516,96,22.325,0.6894634,22.325,2041,49
0.18020528554916382,0.0,0.0010832355,0.007325546,0.007325546,1.7536165714263916,132,26.8,0.68543124,26.8,3054,36
0.1647176742553711,0.0,0.0010535372,0.008736244,0.008736244,2.340590715408325,171,26.375,0.6785829,26.375,4083,39
0.21656614542007446,0.0,0.0009588627,0.0085987095,0.0085987095,2.9017751216888428,197,32.5,0.6730169,32.5,5072,26
0.3277739882469177,0.0,0.0010375978,0.008819535,0.008819535,3.459275007247925,227,34.45,0.66201407,34.45,6100,30
-0.08047723770141602,0.0,0.0009357343,0.00874437,0.00874437,4.0350494384765625,250,38.75,0.6535308,38.75,7118,23
0.18296724557876587,0.0,0.00087683933,0.008406054,0.008406054,4.612669229507446,268,48.575,0.6462277,48.575,8154,18
0.04428607225418091,0.0,0.0009119611,0.007908482,0.007908482,5.128360986709595,282,60.225,0.6418244,60.225,9121,14
0.2643749713897705,0.0,0.0010234853,0.008237168,0.008237168,5.693823575973511,299,66.35,0.6299925,66.35,10223,17
0.35509514808654785,0.0,0.00095890823,0.007978608,0.007978608,6.247213363647461,312,68.775,0.620667,68.775,11244,13
0.437904953956604,0.0,0.0008414722,0.006108822,0.006108822,6.830582618713379,321,79.85,0.61819685,79.85,12277,9
0.3303139805793762,0.0,0.0009858976,0.0078025186,0.0078025186,7.374692916870117,329,90.35,0.6076863,90.35,13201,8
0.33542346954345703,0.0,0.00091151,0.004447908,0.004447908,7.940093994140625,337,106.75,0.61205894,106.75,14305,8
0.39886122941970825,0.0,0.00078247994,0.005526902,0.005526902,8.54120397567749,343,111.675,0.6066239,111.675,15216,6
0.30554085969924927,0.0,0.0007921867,0.007821454,0.007821454,9.113038301467896,352,127.425,0.58453524,127.425,16341,9
0.3053213357925415,0.0,0.0009123944,0.005735331,0.005735331,9.682764291763306,359,130.65,0.5925931,130.65,17310,7
0.3049931526184082,0.0,0.0005017567,0.003880162,0.003880162,10.24032211303711,365,141.675,0.5776509,141.675,18362,6
0.47161853313446045,0.0,0.00052981253,0.0022026396,0.0022026396,10.776813983917236,370,149.225,0.5952693,149.225,19296,5
0.10070246458053589,0.0,0.0007647906,0.0034958282,0.0034958282,11.324944019317627,376,156.6,0.61001474,156.6,20449,6
0.4818360209465027,0.0,0.0008429815,0.00909918,0.00909918,11.879939079284668,383,154.85,0.5780841,154.85,21410,7
0.4688032865524292,0.0,0.00065536576,0.0032371113,0.0032371113,12.427614450454712,388,162.275,0.6041809,162.275,22410,5
0.07086962461471558,0.0,0.0007365859,0.0026507361,0.0026507361,12.973033905029297,394,171.85,0.59570146,171.85,23499,6
0.3993644118309021,0.0,0.00066157314,0.0024976,0.0024976,13.52822732925415,399,179.725,0.59346545,179.725,24499,5
0.5164925456047058,0.0,0.0008505237,0.0049322154,0.0049322154,14.047173261642456,404,182.625,0.5858463,182.625,25499,5
0.3275876045227051,0.0,0.0006370007,0.0036850031,0.0036850031,14.589869737625122,409,185.075,0.59233046,185.075,26499,5
0.1776159405708313,0.0,0.00064428593,0.0026507485,0.0026507485,15.144221782684326,415,180.625,0.569973,180.625,27474,6
0.25175023078918457,0.0,0.00079305447,0.0031164724,0.0031164724,15.680821895599365,420,183.725,0.5899843,183.725,28474,5
0.12817394733428955,0.0,0.00088784617,0.00347005,0.00347005,16.20189642906189,426,191.6,0.594786,191.6,29674,6
0.4424179792404175,0.0,0.00079304725,0.0030270154,0.0030270154,16.754613161087036,431,191.6,0.58392704,191.6,30674,5
0.4142884612083435,0.0,0.00095304666,0.004328701,0.004328701,17.290921211242676,436,194.375,0.5915278,194.375,31674,5
0.2913616895675659,0.0,0.0009565316,0.0046426267,0.0046426267,17.855880737304688,441,194.375,0.57851887,194.375,32674,5
0.5705236196517944,0.0,0.00052672287,0.0026888358,0.0026888358,18.406044483184814,446,194.375,0.5783265,194.375,33674,5
0.3828848600387573,0.0,0.0006931649,0.0029519082,0.0029519082,18.94706392288208,451,194.375,0.5837736,194.375,34674,5
0.49809736013412476,0.0,0.0007570652,0.003115758,0.003115758,19.49100351333618,456,200.0,0.58905727,200.0,35674,5
0.49461477994918823,0.0,0.00089490693,0.004816089,0.004816089,20.015820264816284,461,200.0,0.5724438,200.0,36674,5
0.270541787147522,0.0,0.0008386663,0.0030728565,0.0030728565,20.58884596824646,467,200.0,0.5826583,200.0,37874,6
0.5232297778129578,0.0,0.000724527,0.0032013357,0.0032013357,21.155323266983032,472,200.0,0.57944965,200.0,38874,5
0.5641631186008453,0.0,0.0009132423,0.004077974,0.004077974,21.75287437438965,477,200.0,0.5770791,200.0,39874,5
0.7175638973712921,0.0,0.00092593394,0.0042579416,0.0042579416,22.323447227478027,482,200.0,0.5625832,200.0,40874,5
0.6991744339466095,0.0,0.00071258936,0.0030559415,0.0030559415,22.886493921279907,487,200.0,0.5778411,200.0,41874,5
0.42021292448043823,0.0,0.0008041514,0.005281709,0.005281709,23.420946836471558,492,200.0,0.58767414,200.0,42874,5
0.3851250410079956,0.0,0.00048025552,0.0022227587,0.0022227587,23.9949848651886,497,200.0,0.6074254,200.0,43874,5
0.6944076418876648,0.0,0.0006508101,0.0035721012,0.0035721012,24.612985372543335,502,200.0,0.5772338,200.0,44874,5
0.6464325189590454,0.0,0.00091360585,0.003893821,0.003893821,25.244940042495728,508,200.0,0.60374427,200.0,46074,6
0.4937957525253296,0.0,0.00084529945,0.0033812984,0.0033812984,25.78950786590576,513,200.0,0.58374155,200.0,47074,5
0.6870430111885071,0.0,0.0009863215,0.0033033784,0.0033033784,26.311498403549194,518,200.0,0.5998143,200.0,48074,5
0.6278603971004486,0.0,0.0005342173,0.0035423394,0.0035423394,26.84056782722473,524,196.6,0.58949244,196.6,49138,6
0.5467006266117096,0.0,0.0006496252,0.005654457,0.005654457,27.425341844558716,530,192.35,0.58404195,192.35,50168,6
0.5772239863872528,0.0,0.000661021,0.0045920424,0.0045920424,27.99621558189392,535,192.3,0.5478382,192.3,51166,5
0.5597161650657654,0.0,0.00081206113,0.003163014,0.003163014,28.527289867401123,540,192.3,0.56091547,192.3,52166,5
0.6334130465984344,0.0,0.00095823547,0.0037448118,0.0037448118,29.266205549240112,545,192.3,0.5751504,192.3,53166,5
0.4468398690223694,0.0,0.0007696417,0.0031851982,0.0031851982,29.94579291343689,550,192.3,0.582439,192.3,54166,5
0.2195848822593689,0.0,0.0007363931,0.0040597613,0.0040597613,30.533772706985474,555,191.875,0.59726954,191.875,55149,5
0.3819814920425415,0.0,0.0008831526,0.0021915953,0.0021915953,31.063568353652954,561,194.1,0.5893655,194.1,56302,6
0.5181178152561188,0.0,0.0007421624,0.0035240692,0.0035240692,31.576560020446777,566,194.1,0.5891038,194.1,57302,5
0.46114015579223633,0.0,0.00073458673,0.003169883,0.003169883,32.134589195251465,571,195.875,0.57502055,195.875,58203,5
0.32862961292266846,0.0,0.00081161584,0.002989066,0.002989066,32.674153089523315,576,195.925,0.5895139,195.925,59203,5
0.6509422361850739,0.0,0.0007466797,0.0028011093,0.0028011093,33.21857833862305,582,195.925,0.59428835,195.925,60403,6
0.5804239213466644,0.0,0.0009650868,0.005293272,0.005293272,33.77431297302246,587,195.925,0.60263216,195.925,61403,5
0.5003826916217804,0.0,0.0006372174,0.0019204749,0.0019204749,34.35332798957825,592,196.35,0.5917491,196.35,62403,5
0.4607597589492798,0.0,0.0006781241,0.0040468685,0.0040468685,34.9146990776062,597,197.525,0.5861219,197.525,63403,5
0.5206975638866425,0.0,0.00085258565,0.004784669,0.004784669,35.50775074958801,602,195.45,0.5748571,195.45,64320,5
0.6946870982646942,0.0,0.0008106604,0.0031425806,0.0031425806,36.04914665222168,608,195.45,0.5789393,195.45,65520,6
0.2919483184814453,0.0,0.0008355702,0.0037633139,0.0037633139,36.6273078918457,613,197.925,0.5516716,197.925,66520,5
0.013720989227294922,0.0,0.00083553,0.0036277473,0.0036277473,37.14899158477783,618,197.875,0.59215057,197.875,67518,5
0.3899562358856201,0.0,0.0009560083,0.006819304,0.006819304,37.72092938423157,624,194.65,0.5877384,194.65,68589,6
0.41244763135910034,0.0,0.0007339574,0.0037206197,0.0037206197,38.28953433036804,630,188.425,0.5456891,188.425,69540,6
0.32937324047088623,0.0,0.0006476239,0.004127234,0.004127234,38.881749868392944,636,185.2,0.5437696,185.2,70611,6
0.5354687869548798,0.0,0.0007306159,0.0025138296,0.0025138296,39.48702120780945,641,185.2,0.5655707,185.2,71611,5
0.17008572816848755,0.0,0.0004491394,0.0031276683,0.0031276683,40.09709596633911,646,187.275,0.55968237,187.275,72611,5
0.30127227306365967,0.0,0.00067242625,0.0043736557,0.0043736557,40.663002490997314,651,187.275,0.5706812,187.275,73611,5
0.27902311086654663,0.0,0.0009084189,0.0044148127,0.0044148127,41.24855613708496,656,187.325,0.57679355,187.325,74611,5
0.5359569489955902,0.0,0.000836588,0.0062085195,0.0062085195,41.81596112251282,661,189.85,0.5750176,189.85,75583,5
0.5008031725883484,0.0,0.0008312615,0.0035967054,0.0035967054,42.363890409469604,667,196.075,0.5704092,196.075,76783,6
0.4955981969833374,0.0,0.00070490653,0.0043327333,0.0043327333,42.866434812545776,672,196.075,0.5776853,196.075,77783,5
0.6255324184894562,0.0,0.0007378799,0.005844107,0.005844107,43.35806059837341,677,199.3,0.56992483,199.3,78783,5
0.7549373954534531,0.0,0.00064969395,0.0032392638,0.0032392638,43.845027685165405,682,199.3,0.581306,199.3,79783,5
0.5673208832740784,0.0,0.0009054183,0.0043849964,0.0043849964,44.35333299636841,687,199.3,0.5727101,199.3,80783,5
0.41177141666412354,0.0,0.0007699699,0.0034015975,0.0034015975,44.92020344734192,692,199.3,0.5976722,199.3,81783,5
0.467735230922699,0.0,0.00069594546,0.0047502345,0.0047502345,45.440805196762085,698,195.425,0.5678714,195.425,82828,6
0.8398033827543259,0.0,0.000897918,0.003647847,0.003647847,46.011035442352295,703,196.125,0.5678202,196.125,83828,5
0.7616176307201385,0.0,0.0007322093,0.0025242039,0.0025242039,46.57149910926819,708,196.125,0.58978146,196.125,84828,5
0.7129356861114502,0.0,0.0006828471,0.0026108488,0.0026108488,47.092626333236694,713,196.125,0.5910541,196.125,85828,5
0.5548550188541412,0.0,0.0007359427,0.0027876534,0.0027876534,47.63130736351013,719,196.125,0.572077,196.125,87028,6
0.501950204372406,0.0,0.0009077112,0.005628273,0.005628273,48.189419746398926,724,196.125,0.5616077,196.125,88028,5
0.6548992395401001,0.0,0.0011024673,0.0061414186,0.0061414186,48.72083067893982,729,196.125,0.564303,196.125,89028,5
0.6622256934642792,0.0,0.00068866136,0.0034780381,0.0034780381,49.23435640335083,734,196.125,0.6064536,196.125,90028,5
0.6880474090576172,0.0,0.00053378544,0.005254542,0.005254542,49.81041884422302,739,198.275,0.5717945,198.275,90959,5
0.5790320932865143,0.0,0.00068947946,0.0028183914,0.0028183914,50.32643675804138,745,198.1,0.57092935,198.1,92152,6
0.7495878040790558,0.0,0.00074986706,0.0054620644,0.0054620644,50.94550132751465,750,198.1,0.57425135,198.1,93152,5
0.7793831825256348,0.0,0.000603296,0.0030847054,0.0030847054,51.47506356239319,755,198.1,0.5856465,198.1,94152,5
0.469845175743103,0.0,0.00076258567,0.0045323055,0.0045323055,52.008071422576904,760,198.1,0.5747136,198.1,95152,5
0.7381137013435364,0.0,0.0009350946,0.0041986792,0.0041986792,52.52491307258606,765,198.1,0.6012434,198.1,96152,5
0.4390553832054138,0.0,0.00084796746,0.0041879998,0.0041879998,53.09602761268616,770,198.1,0.58600855,198.1,97152,5
0.6308790445327759,0.0,0.00083545153,0.0038385706,0.0038385706,53.64568591117859,775,198.1,0.59596735,198.1,98152,5
0.5050788819789886,0.0,0.00065180263,0.0039332686,0.0039332686,54.1489839553833,780,199.825,0.5853629,199.825,99152,5
0.42908114194869995,0.0,0.0006713541,0.0023454863,0.0023454863,54.71122670173645,786,200.0,0.5914372,200.0,100352,6
