TimeElapsed,ev_tdlam_before,EpLenMean,EpThisIter,EpisodesSoFar,EpRewMean,entropy,TimestepsSoFar,meankl,entloss,surrgain,optimgain
0.6560657024383545,0.007906019687652588,22.7,43,43,22.7,0.6923754,997,0.0008412122,0.0069237542,0.008975836,0.015899591
1.1651787757873535,-0.0005553960800170898,22.75,44,87,22.75,0.68942726,2037,0.0010835334,0.0068942723,0.0085808635,0.015475135
1.712174654006958,0.0007731318473815918,24.65,42,129,24.65,0.68482566,3061,0.0009366614,0.0068482566,0.008332537,0.015180793
2.2823233604431152,0.015569210052490234,24.475,41,170,24.475,0.6785311,4095,0.0010636873,0.006785311,0.008706255,0.015491566
2.807467460632324,0.011132001876831055,27.4,35,205,27.4,0.67188454,5087,0.00095260853,0.006718845,0.008444381,0.015163226
3.357356071472168,0.016433119773864746,34.05,29,234,34.05,0.6634317,6128,0.0010245875,0.006634317,0.008991908,0.015626226
3.902207612991333,0.016183435916900635,37.375,24,258,37.375,0.65352273,7080,0.0010212408,0.006535227,0.007739702,0.014274929
4.417267799377441,0.00999903678894043,52.6,14,272,52.6,0.6575061,8192,0.0006425482,0.006575061,0.0054323757,0.012007437
4.992501735687256,0.01786172389984131,62.5,14,286,62.5,0.6431143,9124,0.0008887318,0.0064311433,0.006405923,0.012837066
5.585654020309448,0.014919042587280273,71.2,14,300,71.2,0.6385131,10138,0.00073810684,0.006385131,0.007241709,0.01362684
6.107563257217407,0.0018408894538879395,72.675,13,313,72.675,0.6316208,11168,0.00075061945,0.0063162083,0.00675805,0.013074258
6.648635625839233,0.008183658123016357,76.575,13,326,76.575,0.62039006,12187,0.00085633574,0.0062039006,0.0076960954,0.013899996
7.232122182846069,0.0034317374229431152,87.875,10,336,87.875,0.6170449,13292,0.00088627695,0.0061704493,0.0075591756,0.013729624
7.760069370269775,0.00424724817276001,86.6,12,348,86.6,0.61007035,14316,0.0009134818,0.0061007035,0.008817221,0.014917925
8.301152229309082,0.0038216114044189453,93.95,7,355,93.95,0.6185975,15233,0.0007894045,0.006185975,0.00875482,0.014940795
8.798408508300781,0.001601874828338623,110.475,7,362,110.475,0.6065783,16291,0.0008383031,0.0060657826,0.0074654,0.013531182
9.333975076675415,0.0047002434730529785,118.525,6,368,118.525,0.6102184,17236,0.00074534904,0.006102184,0.005310932,0.011413116
9.89669418334961,0.00430530309677124,130.5,7,375,130.5,0.6086981,18407,0.0004979421,0.0060869814,0.004419194,0.010506175
10.476481914520264,0.0037033557891845703,140.7,6,381,140.7,0.6147169,19388,0.0008904843,0.0061471686,0.005070941,0.01121811
10.956161260604858,0.0015135407447814941,154.075,7,388,154.075,0.5944531,20479,0.0007789677,0.005944531,0.0067098644,0.012654396
11.453876256942749,0.0032756924629211426,156.6,7,395,156.6,0.6022054,21497,0.00050286774,0.006022054,0.0063576093,0.012379663
12.02367377281189,0.004201829433441162,162.275,5,400,162.275,0.60765135,22440,0.0009298007,0.0060765133,0.0062766597,0.0123531725
12.521858930587769,0.016490161418914795,164.225,6,406,164.225,0.6021764,23504,0.0008914175,0.006021764,0.006560105,0.012581869
13.156378746032715,0.07232916355133057,168.8,5,411,168.8,0.6070963,24474,0.00049240544,0.006070963,0.0042853886,0.010356352
13.70206069946289,0.010362327098846436,165.75,6,417,165.75,0.600368,25412,0.0008551519,0.00600368,0.005861125,0.011864806
14.226724863052368,0.10414624214172363,163.375,7,424,163.375,0.60822386,26523,0.00063569815,0.0060822386,0.005026374,0.011108613
14.770911931991577,0.137678325176239,169.525,6,430,169.525,0.6205436,27643,0.00066002586,0.006205436,0.0041530402,0.010358476
15.355607032775879,0.07384049892425537,173.675,6,436,173.675,0.5998558,28644,0.00062305806,0.005998558,0.0072510755,0.013249634
15.894519329071045,0.02327287197113037,171.525,5,441,171.525,0.5982319,29501,0.00077365176,0.005982319,0.0052746935,0.011257012
16.433777332305908,0.11704808473587036,171.475,6,447,171.475,0.59715044,30560,0.00082635233,0.0059715044,0.0065437034,0.012515208
16.992656469345093,0.011709511280059814,172.725,6,453,172.725,0.5943036,31601,0.00081474695,0.005943036,0.0073988233,0.013341859
17.51879858970642,0.1551801562309265,170.7,6,459,170.7,0.6053668,32640,0.0010984554,0.006053668,0.0048744855,0.010928154
18.053919315338135,0.2543155550956726,166.9,7,466,166.9,0.5833129,33599,0.0007879954,0.005833129,0.005245992,0.011079121
18.62777042388916,0.09612423181533813,168.0,6,472,168.0,0.6037626,34749,0.0007121725,0.006037626,0.0042389845,0.01027661
19.201722145080566,0.13406974077224731,171.225,5,477,171.225,0.60621315,35693,0.00047881942,0.0060621314,0.0035131192,0.009575251
19.761576175689697,0.2180030345916748,173.8,6,483,173.8,0.61537004,36853,0.0007747159,0.0061537004,0.0047822306,0.010935931
20.316487073898315,0.10496371984481812,173.225,6,489,173.225,0.6104839,37841,0.0007743875,0.0061048386,0.004967318,0.011072157
20.912299633026123,0.07456368207931519,169.35,6,495,169.35,0.5933665,38775,0.0008194834,0.0059336647,0.0063403333,0.012273998
21.422763109207153,0.1599298119544983,173.525,5,500,173.525,0.5963762,39740,0.0007110934,0.005963762,0.005883379,0.01184714
21.96372890472412,0.1481371521949768,178.35,7,507,178.35,0.5913265,40933,0.00072615733,0.0059132646,0.003859016,0.00977228
22.53187870979309,0.15833789110183716,179.35,5,512,179.35,0.5907066,41923,0.0007571802,0.0059070657,0.0039402507,0.009847317
23.06587052345276,0.0493813157081604,180.75,5,517,180.75,0.60580134,42923,0.00060549134,0.0060580135,0.0032379099,0.009295924
23.6086483001709,-0.0039147138595581055,181.75,5,522,181.75,0.59472173,43923,0.00084305636,0.0059472173,0.0042253197,0.010172537
24.176671028137207,0.07149922847747803,181.75,5,527,181.75,0.60766876,44923,0.0008921791,0.0060766875,0.003426678,0.0095033655
24.725470542907715,0.030938684940338135,193.7,5,532,193.7,0.5992562,45923,0.0008060464,0.005992562,0.0052630985,0.011255661
25.27410626411438,0.14786458015441895,193.7,5,537,193.7,0.59774125,46923,0.0005214541,0.005977412,0.0036687856,0.009646198
25.855087280273438,0.10388576984405518,194.575,6,543,194.575,0.60238194,48123,0.0006896804,0.006023819,0.0031743562,0.009198176
26.42874574661255,0.028026461601257324,199.7,5,548,199.7,0.60202146,49121,0.0007574562,0.0060202144,0.0050690533,0.011089267
26.958478689193726,0.08220010995864868,194.55,6,554,194.55,0.6013361,50105,0.0009280073,0.0060133613,0.0042225076,0.010235868
27.530506134033203,0.08524447679519653,193.625,5,559,193.625,0.58946955,51068,0.0008349189,0.0058946954,0.0057610394,0.011655735
28.091886520385742,0.21384531259536743,193.625,5,564,193.625,0.60239524,52068,0.0006593051,0.0060239523,0.003814598,0.00983855
28.625733137130737,0.003161013126373291,190.975,6,570,190.975,0.60911214,53162,0.00080632244,0.006091121,0.004702882,0.010794003
29.162549018859863,0.11638706922531128,190.975,5,575,190.975,0.6157098,54162,0.00066958426,0.006157098,0.0024356463,0.008592744
29.704123973846436,0.1537354588508606,186.55,6,581,186.55,0.5798222,55185,0.00043628877,0.0057982216,0.0049728327,0.010771055
30.20642924308777,0.05133002996444702,178.9,7,588,178.9,0.59350145,56277,0.0009192619,0.005935014,0.0054695336,0.011404548
30.72418236732483,0.0299757719039917,182.075,5,593,182.075,0.59377885,57188,0.0009034417,0.005937788,0.005457785,0.011395574
31.222684144973755,0.06361836194992065,177.4,7,600,177.4,0.57925916,58364,0.000789699,0.0057925913,0.0070111826,0.012803774
31.734341144561768,0.19373226165771484,177.4,5,605,177.4,0.6075079,59364,0.0007041715,0.0060750786,0.0025588009,0.00863388
32.31712794303894,0.013545691967010498,179.575,5,610,179.575,0.5881246,60345,0.0006092476,0.0058812457,0.0046539875,0.010535233
32.90711426734924,0.32510191202163696,179.575,5,615,179.575,0.5949037,61345,0.00040243645,0.005949037,0.004060859,0.010009896
33.41894245147705,0.10893899202346802,184.0,5,620,184.0,0.6075329,62345,0.0007419221,0.006075329,0.002893376,0.008968705
34.0011146068573,0.22298681735992432,187.05,5,625,187.05,0.58617073,63298,0.00073560496,0.005861707,0.005696495,0.011558202
34.572145223617554,0.024401605129241943,189.675,6,631,189.675,0.5887974,64464,0.00063971756,0.0058879736,0.0049614096,0.010849383
35.11009240150452,0.28123974800109863,196.6,5,636,196.6,0.6003276,65464,0.00058830675,0.006003276,0.0047030016,0.010706278
35.646647453308105,0.23044055700302124,197.5,5,641,197.5,0.6090505,66464,0.0008279111,0.006090505,0.0048758453,0.01096635
36.25025391578674,0.2795794606208801,197.5,5,646,197.5,0.5952672,67464,0.0005204531,0.0059526716,0.002019641,0.007972313
36.78426718711853,0.19892972707748413,196.425,6,652,196.425,0.58784074,68602,0.0007839172,0.005878407,0.0039024875,0.009780895
37.29944396018982,0.15637731552124023,196.425,5,657,196.425,0.6085558,69602,0.0010980172,0.006085558,0.005118265,0.011203823
37.88477873802185,0.16742336750030518,197.35,5,662,197.35,0.60357356,70602,0.00093656906,0.0060357354,0.0049227984,0.010958534
38.45516586303711,0.2564012408256531,197.05,5,667,197.05,0.6159965,71580,0.0004774364,0.0061599645,0.002440195,0.00860016
38.96779489517212,0.2887336015701294,195.05,6,673,195.05,0.58553874,72666,0.0007376585,0.0058553875,0.0060655912,0.011920979
39.541706562042236,0.40405184030532837,195.05,5,678,195.05,0.60885066,73666,0.00078953855,0.0060885064,0.003116778,0.0092052845
40.07997417449951,0.06046825647354126,190.05,6,684,190.05,0.59886086,74666,0.00072225777,0.0059886086,0.00713267,0.013121279
40.601025104522705,0.2932114005088806,191.225,5,689,191.225,0.59477425,75651,0.0006226975,0.005947742,0.0076901894,0.013637932
41.18569326400757,0.309678316116333,191.225,5,694,191.225,0.59180933,76651,0.0009567791,0.005918093,0.004188274,0.010106367
41.694655656814575,0.4315943121910095,191.225,5,699,191.225,0.6047385,77651,0.0006653662,0.006047385,0.0036221999,0.009669585
42.193503856658936,0.4938815236091614,191.225,5,704,191.225,0.6009356,78651,0.0006568483,0.0060093557,0.0051567657,0.011166122
42.78088855743408,0.32977724075317383,191.775,6,710,191.775,0.61679995,79851,0.0007883958,0.0061679995,0.003561065,0.009729065
43.3939151763916,0.35757458209991455,185.6,7,717,185.6,0.5760229,80890,0.00072011293,0.005760229,0.0053921444,0.011152374
43.90495944023132,0.7019952237606049,190.25,5,722,190.25,0.58264005,81890,0.0008182506,0.0058264006,0.0048300186,0.010656419
44.43224239349365,0.5332187414169312,190.6,5,727,190.6,0.59698373,82890,0.00088223827,0.0059698373,0.0045372103,0.010507047
44.953134059906006,0.2242668867111206,190.975,5,732,190.975,0.62791646,83890,0.00082007586,0.0062791645,0.0029445663,0.009223731
45.47323131561279,0.21903342008590698,190.975,5,737,190.975,0.600909,84890,0.00062213466,0.0060090898,0.0039181886,0.009927278
46.0522255897522,0.06101471185684204,187.925,6,743,187.925,0.5794778,85968,0.0009077275,0.0057947775,0.004610583,0.010405361
46.58326172828674,0.40749692916870117,185.725,5,748,185.725,0.5900465,86880,0.0006915303,0.005900465,0.003991862,0.009892327
47.129777908325195,0.11883461475372314,186.275,6,754,186.275,0.60013056,87899,0.0010067392,0.0060013053,0.00512893,0.011130235
47.69105052947998,0.231764018535614,190.225,5,759,190.225,0.5905271,88899,0.00075413776,0.005905271,0.0025842814,0.008489553
48.29046940803528,0.24129879474639893,190.225,6,765,190.225,0.5991422,90099,0.0004917089,0.0059914216,0.0031447327,0.009136154
48.80419731140137,0.3899044394493103,190.225,5,770,190.225,0.61035323,91099,0.0006613787,0.0061035324,0.0030109342,0.009114467
49.372732162475586,0.5520771443843842,189.125,5,775,189.125,0.59033036,92055,0.00079332606,0.0059033036,0.00578433,0.011687634
49.97694635391235,0.09909111261367798,189.025,5,780,189.025,0.59848726,93051,0.0010929306,0.0059848726,0.004816196,0.0108010685
50.511285066604614,0.48866158723831177,186.425,6,786,186.425,0.5854113,94025,0.0007919231,0.005854113,0.004863399,0.010717512
51.06896257400513,0.0975157618522644,193.15,6,792,193.15,0.59038675,95225,0.00054152275,0.0059038675,0.002958058,0.008861925
51.63829064369202,0.38094085454940796,193.15,5,797,193.15,0.6002339,96225,0.00043598877,0.006002339,0.002259697,0.008262036
52.19348073005676,0.3792911767959595,191.025,5,802,191.025,0.5954219,97140,0.0005864131,0.005954219,0.004865241,0.010819459
52.71073865890503,0.514253556728363,190.35,5,807,190.35,0.5885862,98113,0.0007750292,0.005885862,0.0044950144,0.010380876
53.264768838882446,0.32742178440093994,190.35,6,813,190.35,0.60836446,99313,0.0010898566,0.0060836445,0.0034855762,0.00956922
53.84702444076538,0.5217151641845703,191.55,5,818,191.55,0.6039385,100313,0.0007957174,0.006039385,0.0025302644,0.008569649
