optimgain,EpLenMean,ev_tdlam_before,EpRewMean,EpThisIter,entloss,TimestepsSoFar,entropy,meankl,TimeElapsed,EpisodesSoFar,surrgain
0.00669587,22.4,-0.0027780532836914062,22.4,46,0.0,1019,0.69225615,0.0009212624,0.6282317638397217,46,0.00669587
0.004205257,24.725,0.003075242042541504,24.725,42,0.0,2039,0.69009703,0.0008125659,1.162811040878296,88,0.004205257
0.008997818,24.55,0.048402607440948486,24.55,41,0.0,3042,0.6863112,0.0009759139,1.7139101028442383,129,0.008997818
0.007172258,24.675,0.04393303394317627,24.675,42,0.0,4091,0.6813625,0.00084333285,2.258759021759033,171,0.007172258
0.008791488,31.2,0.12250542640686035,31.2,32,0.0,5120,0.67670393,0.00090259337,2.7793750762939453,203,0.008791488
0.010588497,27.075,0.10874444246292114,27.075,36,0.0,6132,0.66724885,0.00095413066,3.314215660095215,239,0.010588497
0.009982815,36.4,0.08451807498931885,36.4,28,0.0,7147,0.6578473,0.0009853891,3.8925230503082275,267,0.009982815
0.008446876,38.025,0.09615391492843628,38.025,24,0.0,8169,0.6527622,0.0009430024,4.438568592071533,291,0.008446876
0.0071775676,50.875,0.47161561250686646,50.875,17,0.0,9216,0.6508197,0.0008238666,4.972188949584961,308,0.0071775676
0.0053352993,55.525,0.18306350708007812,55.525,17,0.0,10208,0.64036816,0.0008807123,5.5555830001831055,325,0.0053352993
0.0075679286,61.725,0.5142199099063873,61.725,16,0.0,11233,0.63387257,0.00084470655,6.0736167430877686,341,0.0075679286
0.008932415,68.7,0.5630985498428345,68.7,11,0.0,12213,0.6313102,0.0008977151,6.604956865310669,352,0.008932415
0.008865325,82.0,0.37829482555389404,82.0,8,0.0,13237,0.6268566,0.000889124,7.108986139297485,360,0.008865325
0.010646976,96.225,0.5496633648872375,96.225,8,0.0,14326,0.61899495,0.0010263408,7.641165494918823,368,0.010646976
0.011216752,108.85,0.39788347482681274,108.85,9,0.0,15314,0.6129589,0.0009417615,8.214739084243774,377,0.011216752
0.0075072963,123.55,0.7991605699062347,123.55,5,0.0,16230,0.61601067,0.00083074626,8.780659437179565,382,0.0075072963
0.006308641,135.2,0.6574198305606842,135.2,6,0.0,17276,0.6124892,0.0005789959,9.325663089752197,388,0.006308641
0.004814443,147.625,0.7649924606084824,147.625,6,0.0,18387,0.6279482,0.00069019914,9.8359854221344,394,0.004814443
0.004120319,155.2,0.6262670159339905,155.2,6,0.0,19445,0.61672664,0.00060337456,10.392551183700562,400,0.004120319
0.005436864,158.025,0.015089571475982666,158.025,5,0.0,20318,0.6005792,0.00070031127,10.929256439208984,405,0.005436864
0.0054635806,167.275,0.3625500202178955,167.275,6,0.0,21418,0.5993149,0.00059637177,11.474013328552246,411,0.0054635806
0.0054190243,177.6,0.19596177339553833,177.6,5,0.0,22376,0.59397864,0.00067487475,12.038214445114136,416,0.0054190243
0.004187702,183.0,0.07414168119430542,183.0,6,0.0,23550,0.59930766,0.0005642538,12.594463109970093,422,0.004187702
0.00680021,184.05,0.07581084966659546,184.05,5,0.0,24448,0.5948312,0.00064077263,13.101841688156128,427,0.00680021
0.0073596817,182.35,0.7847570180892944,182.35,6,0.0,25535,0.59737515,0.0008667809,13.642540454864502,433,0.0073596817
0.0036132475,187.25,0.07947653532028198,187.25,5,0.0,26535,0.6012485,0.0006912666,14.150587320327759,438,0.0036132475
0.0048127435,190.2,0.5376250445842743,190.2,5,0.0,27526,0.58535326,0.00080596947,14.672035455703735,443,0.0048127435
0.004449903,189.4,0.13194400072097778,189.4,6,0.0,28669,0.5804465,0.00085026294,15.255241394042969,449,0.004449903
0.007622686,189.275,0.7580470144748688,189.275,5,0.0,29547,0.5830341,0.00075561355,15.836500883102417,454,0.007622686
0.0023779217,189.275,0.026504099369049072,189.275,5,0.0,30547,0.5903286,0.0006118929,16.342530727386475,459,0.0023779217
0.00435244,188.5,0.02648085355758667,188.5,6,0.0,31673,0.5884231,0.0004327754,16.915181398391724,465,0.00435244
0.004795958,190.7,0.6361411809921265,190.7,5,0.0,32673,0.59978104,0.0007833808,17.51047968864441,470,0.004795958
0.0031948108,191.1,0.7652239799499512,191.1,6,0.0,33779,0.5852356,0.00045555178,18.01427698135376,476,0.0031948108
0.003823638,191.1,0.32088011503219604,191.1,5,0.0,34779,0.60091186,0.0008514796,18.56961226463318,481,0.003823638
0.0032607485,192.475,0.9338489025831223,192.475,5,0.0,35768,0.58152324,0.0005203716,19.111026763916016,486,0.0032607485
0.0030417154,191.825,0.6340071558952332,191.825,5,0.0,36730,0.5874052,0.00068184896,19.619813680648804,491,0.0030417154
0.003951808,194.575,0.9312548711895943,194.575,5,0.0,37730,0.5928771,0.00090168975,20.158209800720215,496,0.003951808
0.0083326055,194.075,0.8263983428478241,194.075,6,0.0,38910,0.5787226,0.0008827116,20.735183238983154,502,0.0083326055
0.0038494514,195.925,0.5331068336963654,195.925,5,0.0,39910,0.58365524,0.00061395287,21.266907215118408,507,0.0038494514
0.0069753937,195.925,0.7307595610618591,195.925,5,0.0,40910,0.57675064,0.00068917277,21.78564429283142,512,0.0069753937
0.0055748317,198.275,0.9237591177225113,198.275,5,0.0,41910,0.58275175,0.0009419443,22.399682998657227,517,0.0055748317
0.0013501197,198.275,0.6616595983505249,198.275,5,0.0,42910,0.5716032,0.00094366295,22.946772813796997,522,0.0013501197
0.0024632346,198.55,0.46127617359161377,198.55,5,0.0,43910,0.57808626,0.0008951465,23.47844910621643,527,0.0024632346
0.0047943657,199.5,0.15985846519470215,199.5,5,0.0,44910,0.5670555,0.0008579871,24.06356430053711,532,0.0047943657
0.005381747,199.5,0.26464200019836426,199.5,5,0.0,45910,0.5731926,0.0007896918,24.585739135742188,537,0.005381747
0.0022819461,200.0,0.7625723481178284,200.0,5,0.0,46910,0.56347525,0.00075828994,25.119536876678467,542,0.0022819461
0.0027141878,200.0,0.43481820821762085,200.0,6,0.0,48110,0.5615051,0.0006058222,25.698915481567383,548,0.0027141878
0.0026268726,200.0,0.6936354339122772,200.0,5,0.0,49110,0.5796984,0.0008323135,26.24172067642212,553,0.0026268726
0.0030576503,200.0,0.6892237067222595,200.0,5,0.0,50110,0.5742258,0.0008470024,26.777628660202026,558,0.0030576503
0.0034251865,200.0,0.7761341482400894,200.0,5,0.0,51110,0.56626606,0.0006365443,27.354912519454956,563,0.0034251865
0.0034872629,200.0,0.002658247947692871,200.0,5,0.0,52110,0.5684713,0.00084924774,27.908523082733154,568,0.0034872629
0.002949248,200.0,0.01727926731109619,200.0,5,0.0,53110,0.57286346,0.00082441623,28.41092276573181,573,0.002949248
0.0025495337,200.0,-0.007928729057312012,200.0,5,0.0,54110,0.5603235,0.0006735977,28.950506925582886,578,0.0025495337
0.005186747,200.0,0.00685572624206543,200.0,5,0.0,55110,0.551597,0.0009212652,29.502150297164917,583,0.005186747
0.004121,200.0,-0.004436135292053223,200.0,6,0.0,56310,0.55517155,0.00080202334,30.032891273498535,589,0.004121
0.0047951182,200.0,0.0011230707168579102,200.0,5,0.0,57310,0.55458343,0.0009539758,30.543511390686035,594,0.0047951182
0.0034555402,200.0,-0.0018066167831420898,200.0,5,0.0,58310,0.56337655,0.0009430571,31.07843804359436,599,0.0034555402
0.004910563,200.0,0.0021445155143737793,200.0,5,0.0,59310,0.5483624,0.00091154815,31.61827850341797,604,0.004910563
0.0038790675,200.0,-0.0014826059341430664,200.0,5,0.0,60310,0.5548143,0.0008153304,32.19534182548523,609,0.0038790675
0.006564824,196.35,-0.0028280019760131836,196.35,6,0.0,61364,0.5482191,0.0008271446,32.77546811103821,615,0.006564824
0.003570322,193.775,-0.0012829303741455078,193.775,6,0.0,62461,0.5466028,0.0009975629,33.28631639480591,621,0.003570322
0.003159415,193.775,-0.001715540885925293,193.775,5,0.0,63461,0.5455207,0.00094561337,33.881755113601685,626,0.003159415
0.0024661236,193.775,-0.002362370491027832,193.775,5,0.0,64461,0.53642195,0.00097148406,34.46637487411499,631,0.0024661236
0.004133475,193.775,-0.0021370649337768555,193.775,5,0.0,65461,0.5599884,0.001019385,34.986172676086426,636,0.004133475
0.0009873975,193.775,-0.002027153968811035,193.775,5,0.0,66461,0.55666995,0.00070927874,35.54776883125305,641,0.0009873975
0.0027556168,193.775,-0.000912785530090332,193.775,5,0.0,67461,0.54875755,0.00076401304,36.118884563446045,646,0.0027556168
0.0025048535,197.425,-0.002027153968811035,197.425,5,0.0,68461,0.56805646,0.0008014034,36.661628007888794,651,0.0025048535
0.002353521,197.425,-0.0017029047012329102,197.425,5,0.0,69461,0.5453824,0.0008287849,37.17584729194641,656,0.002353521
0.0034420667,200.0,-0.0015056133270263672,200.0,5,0.0,70461,0.5605742,0.00055564276,37.65929675102234,661,0.0034420667
0.0032413201,200.0,-0.002311110496520996,200.0,6,0.0,71661,0.5701002,0.00083688117,38.196094036102295,667,0.0032413201
0.003169924,200.0,-0.0013339519500732422,200.0,5,0.0,72661,0.5555024,0.0007886328,38.749303340911865,672,0.003169924
0.0039094733,200.0,-0.0014874935150146484,200.0,5,0.0,73661,0.57410467,0.0008913028,39.32233786582947,677,0.0039094733
0.0035871165,200.0,-0.0010546445846557617,200.0,5,0.0,74661,0.565693,0.000856061,39.863022565841675,682,0.0035871165
0.0035468242,199.325,-0.0010117292404174805,199.325,5,0.0,75634,0.55740285,0.0004639881,40.40468502044678,687,0.0035468242
0.0010802941,199.325,-0.0014958381652832031,199.325,5,0.0,76634,0.56730795,0.00070042786,40.99666213989258,692,0.0010802941
0.0075242873,199.325,-0.0013316869735717773,199.325,5,0.0,77634,0.5598217,0.0008297666,41.52322840690613,697,0.0075242873
0.0027066423,199.325,-0.0011484622955322266,199.325,6,0.0,78834,0.575716,0.00081071106,42.05848002433777,703,0.0027066423
0.0042981366,199.325,-0.0013443231582641602,199.325,5,0.0,79834,0.56994736,0.0007738642,42.636001110076904,708,0.0042981366
0.0015323265,199.325,-0.0023920536041259766,199.325,5,0.0,80834,0.5849695,0.0007039062,43.20829725265503,713,0.0015323265
0.0025551775,199.325,-0.001691579818725586,199.325,5,0.0,81834,0.56969726,0.0006075603,43.75540471076965,718,0.0025551775
0.00457702,199.325,-0.0010486841201782227,199.325,5,0.0,82834,0.56282127,0.0005666986,44.332375288009644,723,0.00457702
0.005445132,200.0,-0.001614689826965332,200.0,5,0.0,83834,0.5513613,0.000748903,44.92123818397522,728,0.005445132
0.0030345647,200.0,-0.0008558034896850586,200.0,5,0.0,84834,0.5755763,0.0009991641,45.43331456184387,733,0.0030345647
0.0032004863,200.0,-0.0015374422073364258,200.0,5,0.0,85834,0.57634556,0.0007945418,45.973613023757935,738,0.0032004863
0.0037845932,200.0,-0.0006719827651977539,200.0,6,0.0,87034,0.55645454,0.00078778306,46.52405261993408,744,0.0037845932
0.0019841734,200.0,-0.0007234811782836914,200.0,5,0.0,88034,0.5757972,0.0007334482,47.04591703414917,749,0.0019841734
0.0038565826,197.475,-0.00033843517303466797,197.475,5,0.0,88933,0.5713319,0.00042007375,47.576058864593506,754,0.0038565826
0.0072108964,197.475,-0.0009275674819946289,197.475,5,0.0,89933,0.57477653,0.0009221912,48.14221167564392,759,0.0072108964
0.00286669,197.475,-0.0009986162185668945,197.475,6,0.0,91133,0.5635352,0.0005965569,48.64180254936218,765,0.00286669
0.0038142577,197.475,-0.0007534027099609375,197.475,5,0.0,92133,0.5757818,0.0008066455,49.1827027797699,770,0.0038142577
0.0049549714,197.475,-0.0013195276260375977,197.475,5,0.0,93133,0.5702764,0.000799139,49.784729957580566,775,0.0049549714
0.0036699716,197.475,-0.0007380247116088867,197.475,5,0.0,94133,0.55882823,0.0009459838,50.309813261032104,780,0.0036699716
0.003713617,197.475,-0.0006831884384155273,197.475,5,0.0,95133,0.5767026,0.0010647976,50.828548192977905,785,0.003713617
0.004106353,197.475,-0.0005850791931152344,197.475,5,0.0,96133,0.5564023,0.00063777063,51.42123079299927,790,0.004106353
0.004496676,200.0,-0.0006049871444702148,200.0,5,0.0,97133,0.57882154,0.001030761,51.94073486328125,795,0.004496676
0.007420942,200.0,-0.00045371055603027344,200.0,5,0.0,98133,0.5699805,0.0009153852,52.447715282440186,800,0.007420942
0.004176724,200.0,-0.0007722377777099609,200.0,5,0.0,99133,0.54509234,0.00068356236,52.97180700302124,805,0.004176724
0.0038274918,200.0,-0.0006084442138671875,200.0,6,0.0,100333,0.56879157,0.00085674616,53.49758744239807,811,0.0038274918
