EpLenMean,EpisodesSoFar,EpRewMean,TimestepsSoFar,optimgain,TimeElapsed,EpThisIter,entloss,entropy,surrgain,ev_tdlam_before,meankl
24.9,41,24.9,1015,0.007221018,0.6306898593902588,41,0.0,0.6922182,0.007221018,-0.004773974418640137,0.0008861087
25.6,81,25.6,2039,0.006531043,1.1317121982574463,40,0.0,0.68961143,0.006531043,0.00425565242767334,0.0009057615
26.55,119,26.55,3065,0.009711073,1.691683053970337,38,0.0,0.6846409,0.009711073,0.009276747703552246,0.0010450077
31.05,150,31.05,4078,0.007218113,2.2141997814178467,31,0.0,0.6791787,0.007218113,0.03530091047286987,0.0010212748
34.325,180,34.325,5114,0.009807766,2.7162201404571533,30,0.0,0.67173934,0.009807766,-0.00353395938873291,0.00094356167
37.275,205,37.275,6116,0.0085828295,3.279242515563965,25,0.0,0.6644618,0.0085828295,0.05320703983306885,0.00091050135
44.725,227,44.725,7156,0.008330455,3.8020942211151123,22,0.0,0.6536763,0.008330455,0.02364981174468994,0.0009598363
44.55,250,44.55,8132,0.0069029042,4.300966501235962,23,0.0,0.645188,0.0069029042,0.02163296937942505,0.000872896
50.375,264,50.375,9100,0.007708315,4.868635892868042,14,0.0,0.6408058,0.007708315,0.010667264461517334,0.00096059585
65.3,277,65.3,10132,0.006934586,5.4158735275268555,13,0.0,0.6327034,0.006934586,0.020967185497283936,0.0008774819
73.675,291,73.675,11216,0.0072357547,5.924724102020264,14,0.0,0.62507,0.0072357547,0.01830291748046875,0.0007962442
81.0,303,81.0,12266,0.007045364,6.495341062545776,12,0.0,0.6222654,0.007045364,0.01772862672805786,0.00081247685
87.55,310,87.55,13180,0.007929336,7.010677337646484,7,0.0,0.6292263,0.007929336,0.02880913019180298,0.0007720337
103.675,317,103.675,14279,0.0034344802,7.514496564865112,7,0.0,0.63294065,0.0034344802,0.052264630794525146,0.00092712604
114.625,326,114.625,15331,0.007022151,8.091501474380493,9,0.0,0.6224725,0.007022151,0.08004069328308105,0.0009020978
117.95,334,117.95,16297,0.008355057,8.652885437011719,8,0.0,0.61425185,0.008355057,0.1427575945854187,0.00080524577
129.675,341,129.675,17318,0.00746198,9.178905963897705,7,0.0,0.610489,0.00746198,0.10186618566513062,0.00065668795
141.425,347,141.425,18398,0.006776937,9.781147241592407,6,0.0,0.6138885,0.006776937,0.2166147232055664,0.000810319
142.95,352,142.95,19264,0.0038481734,10.331960678100586,5,0.0,0.61447847,0.0038481734,0.11224126815795898,0.0009376778
145.45,360,145.45,20444,0.0069117,10.829167604446411,8,0.0,0.5859633,0.0069117,0.10673147439956665,0.00089237106
152.05,365,152.05,21315,0.007527928,11.382178783416748,5,0.0,0.5967189,0.007527928,0.29265445470809937,0.0008294167
160.525,371,160.525,22448,0.0034309856,11.971309900283813,6,0.0,0.5979478,0.0034309856,0.28191041946411133,0.0008217461
169.4,376,169.4,23418,0.0064335605,12.467498540878296,5,0.0,0.5984669,0.0064335605,0.06866073608398438,0.0009122229
177.375,381,177.375,24413,0.0045543145,13.02570366859436,5,0.0,0.5990858,0.0045543145,0.23414885997772217,0.00081456255
175.65,388,175.65,25559,0.0046826997,13.530325412750244,7,0.0,0.5936419,0.0046826997,0.13364166021347046,0.0007275181
173.425,394,173.425,26601,0.0038425778,14.018210172653198,6,0.0,0.5845871,0.0038425778,0.06916433572769165,0.0006057926
180.1,399,180.1,27489,0.005390076,14.513981580734253,5,0.0,0.5834118,0.005390076,0.363980233669281,0.00088916754
183.325,405,183.325,28648,0.0034619349,15.065310001373291,6,0.0,0.59804,0.0034619349,0.23074990510940552,0.0009679762
182.175,410,182.175,29588,0.0038666367,15.5578773021698,5,0.0,0.584654,0.0038666367,0.175673246383667,0.00057251094
183.075,415,183.075,30571,0.0040180944,16.07772207260132,5,0.0,0.59319556,0.0040180944,0.3961542844772339,0.00085338927
183.95,420,183.95,31571,0.004292066,16.714664697647095,5,0.0,0.5951921,0.004292066,0.3158150911331177,0.00066657347
186.575,426,186.575,32736,0.0035230026,17.22403645515442,6,0.0,0.5814741,0.0035230026,0.40601223707199097,0.0008328809
191.1,431,191.1,33736,0.0029170606,17.776976346969604,5,0.0,0.5935159,0.0029170606,0.3408810496330261,0.00072467374
193.375,436,193.375,34736,0.0033465717,18.337892293930054,5,0.0,0.58690274,0.0033465717,0.1570732593536377,0.000627307
193.95,441,193.95,35647,0.0040720487,18.868546724319458,5,0.0,0.6055746,0.0040720487,0.328447163105011,0.0009233239
196.475,447,196.475,36847,0.002554195,19.39450168609619,6,0.0,0.6092956,0.002554195,0.16710060834884644,0.0004733198
191.8,453,191.8,37843,0.005142266,19.9281063079834,6,0.0,0.59065336,0.005142266,0.3774292469024658,0.0005906121
188.925,458,188.925,38728,0.007841388,20.429431200027466,5,0.0,0.5861378,0.007841388,0.246168315410614,0.0010388959
188.325,464,188.325,39887,0.0044549266,20.960622310638428,6,0.0,0.5883632,0.0044549266,0.5511702597141266,0.0008340038
187.925,469,187.925,40853,0.003346539,21.497462511062622,5,0.0,0.5927959,0.003346539,0.3256658911705017,0.00049684744
187.925,474,187.925,41853,0.0042631766,22.015592575073242,5,0.0,0.5728686,0.0042631766,0.1671547293663025,0.0008341479
184.7,480,184.7,42885,0.007160192,22.53572177886963,6,0.0,0.5858991,0.007160192,0.4680693745613098,0.00046038642
185.95,485,185.95,43885,0.0032221803,23.097923278808594,5,0.0,0.5804994,0.0032221803,0.19164049625396729,0.00081325695
185.35,491,185.35,44974,0.0055155056,23.624127626419067,6,0.0,0.5885258,0.0055155056,0.23411154747009277,0.000641652
188.35,496,188.35,45974,0.003108562,24.162647247314453,5,0.0,0.60194916,0.003108562,0.2629731297492981,0.0011952915
189.225,502,189.225,47057,0.0054439604,24.732677936553955,6,0.0,0.592196,0.0054439604,0.3259815573692322,0.00058639987
188.7,507,188.7,48035,0.007412036,25.250679969787598,5,0.0,0.5856936,0.007412036,0.2760709524154663,0.00071879
184.525,513,184.525,49034,0.004148689,25.76009750366211,6,0.0,0.576314,0.004148689,0.2308560609817505,0.0005535518
186.3,519,186.3,50137,0.006215819,26.305684804916382,6,0.0,0.57872033,0.006215819,0.4135608673095703,0.000756008
185.25,524,185.25,51095,0.0049870005,26.84662389755249,5,0.0,0.5972761,0.0049870005,0.4659535884857178,0.0007041503
187.825,529,187.825,52095,0.004794951,27.362784147262573,5,0.0,0.57741714,0.004794951,0.322229266166687,0.00064429065
186.6,535,186.6,53238,0.0050503328,27.930835962295532,6,0.0,0.59526384,0.0050503328,0.22982192039489746,0.00045911345
186.775,540,186.775,54187,0.0054865936,28.456814289093018,5,0.0,0.5897596,0.0054865936,0.500499427318573,0.0009226925
188.8,545,188.8,55187,0.0059512695,28.99361824989319,5,0.0,0.5870225,0.0059512695,0.09534668922424316,0.00066462904
188.925,551,188.925,56274,0.0058586653,29.55832290649414,6,0.0,0.5924096,0.0058586653,0.4042277932167053,0.0008209975
192.725,556,192.725,57246,0.0053637507,30.069902181625366,5,0.0,0.59285736,0.0053637507,0.5898305177688599,0.0006403212
190.025,562,190.025,58338,0.0042038914,30.60171103477478,6,0.0,0.59616745,0.0042038914,0.6033243238925934,0.0007330785
188.575,567,188.575,59238,0.004561817,31.119388103485107,5,0.0,0.59422874,0.004561817,0.5226537883281708,0.0005646351
187.125,573,187.125,60375,0.004346059,31.675631999969482,6,0.0,0.59716487,0.004346059,0.3991408348083496,0.0006804167
185.925,578,185.925,61275,0.004736647,32.218738317489624,5,0.0,0.5859246,0.004736647,0.33984529972076416,0.0008288784
187.2,583,187.2,62275,0.0040808385,32.74002814292908,5,0.0,0.5872016,0.0040808385,0.3977193236351013,0.00069799897
188.125,589,188.125,63475,0.0041768174,33.27272820472717,6,0.0,0.5929284,0.0041768174,0.5404935777187347,0.00069902214
186.6,594,186.6,64338,0.0076812794,33.82474660873413,5,0.0,0.576989,0.0076812794,0.522087961435318,0.0007184204
187.325,600,187.325,65463,0.007992563,34.32582664489746,6,0.0,0.5737734,0.007992563,0.4739682674407959,0.00076813914
189.15,605,189.15,66441,0.0040790057,34.863476037979126,5,0.0,0.5929841,0.0040790057,0.5712079703807831,0.00092494657
189.625,610,189.625,67411,0.0046245363,35.37708783149719,5,0.0,0.5829595,0.0046245363,0.34597641229629517,0.00078850787
190.075,616,190.075,68578,0.0038674832,35.905768394470215,6,0.0,0.58630335,0.0038674832,0.5425958633422852,0.0005701283
190.55,621,190.55,69497,0.0062669087,36.42948365211487,5,0.0,0.57595897,0.0062669087,0.41511470079421997,0.00083758717
187.25,627,187.25,70565,0.009021731,36.960503578186035,6,0.0,0.5737244,0.009021731,0.44462698698043823,0.0007969402
188.45,632,188.45,71565,0.0035973112,37.48116183280945,5,0.0,0.58665276,0.0035973112,0.6245952546596527,0.0005783979
190.7,637,190.7,72565,0.0059242733,38.016650438308716,5,0.0,0.5812663,0.0059242733,0.5370418429374695,0.0008583119
191.4,643,191.4,73719,0.0049451957,38.54531502723694,6,0.0,0.56853545,0.0049451957,0.47365719079971313,0.00075240445
191.875,648,191.875,74686,0.004636256,39.05239129066467,5,0.0,0.5933275,0.004636256,0.45408087968826294,0.00082771375
189.45,654,189.45,75756,0.004490338,39.607993841171265,6,0.0,0.5800151,0.004490338,0.4211242198944092,0.0007431974
190.8,659,190.8,76729,0.0072445013,40.15161609649658,5,0.0,0.5910404,0.0072445013,0.5723986923694611,0.000920174
190.85,664,190.85,77627,0.006687696,40.69398880004883,5,0.0,0.58124447,0.006687696,0.6983642578125,0.0005931725
191.55,670,191.55,78827,0.0048754606,41.21664500236511,6,0.0,0.59176785,0.0048754606,0.4126521348953247,0.00072144496
188.5,675,188.5,79705,0.00684103,41.74202108383179,5,0.0,0.5748396,0.00684103,0.5858660638332367,0.00061329384
188.075,681,188.075,80865,0.006132338,42.26078987121582,6,0.0,0.5853947,0.006132338,0.5236019790172577,0.00070295646
185.625,687,185.625,81911,0.0073462687,42.79998779296875,6,0.0,0.5756998,0.0073462687,0.6363802254199982,0.0009184226
188.725,692,188.725,82905,0.0034243548,43.342148303985596,5,0.0,0.60191023,0.0034243548,0.7801617830991745,0.0006928876
188.95,697,188.95,83894,0.008644087,43.86627221107483,5,0.0,0.5752733,0.008644087,0.4181351661682129,0.0007205924
191.6,702,191.6,84891,0.004017073,44.398616790771484,5,0.0,0.5730611,0.004017073,0.42810434103012085,0.00065090234
191.6,707,191.6,85891,0.00511962,44.95614171028137,5,0.0,0.5883195,0.00511962,0.03485137224197388,0.0007188108
193.675,712,193.675,86891,0.0034932536,45.485034465789795,5,0.0,0.5823842,0.0034932536,0.4689527153968811,0.00080494303
194.65,717,194.65,87891,0.002974457,46.007487773895264,5,0.0,0.5826872,0.002974457,0.4644591808319092,0.000751158
197.4,722,197.4,88891,0.0046732053,46.57920551300049,5,0.0,0.59625494,0.0046732053,0.39788955450057983,0.00060287974
199.65,728,199.65,90091,0.003249975,47.114386558532715,6,0.0,0.5937237,0.003249975,0.08661341667175293,0.0006003442
199.475,733,199.475,91084,0.0032889424,47.64395809173584,5,0.0,0.58209807,0.0032889424,0.5441418886184692,0.00073191203
199.75,738,199.75,92084,0.0040140348,48.19755268096924,5,0.0,0.59797823,0.0040140348,0.05316871404647827,0.00073481305
199.825,743,199.825,93084,0.0041538933,48.7292423248291,5,0.0,0.5937302,0.0041538933,0.3433037996292114,0.00058348983
197.15,749,197.15,94177,0.004281578,49.251198291778564,6,0.0,0.58827037,0.004281578,0.20847302675247192,0.00082115416
196.4,754,196.4,95147,0.0063123317,49.81374764442444,5,0.0,0.57912403,0.0063123317,0.3931847810745239,0.0009319028
196.4,759,196.4,96147,0.004647563,50.34886050224304,5,0.0,0.5864211,0.004647563,0.5382696986198425,0.0006817291
196.4,764,196.4,97147,0.003985199,50.871357917785645,5,0.0,0.59759235,0.003985199,0.2842112183570862,0.0007851488
195.35,770,195.35,98298,0.006551138,51.42896127700806,6,0.0,0.57632,0.006551138,0.4427035450935364,0.0007524828
191.125,775,191.125,99129,0.004484799,51.936161279678345,5,0.0,0.5858069,0.004484799,0.11334067583084106,0.00075488276
189.2,781,189.2,100252,0.006380532,52.45788860321045,6,0.0,0.5921395,0.006380532,0.6067234575748444,0.0007172734
