meankl,EpisodesSoFar,entloss,EpThisIter,TimestepsSoFar,optimgain,EpRewMean,ev_tdlam_before,surrgain,EpLenMean,entropy,TimeElapsed
0.0007585292,46,0.0,46,1005,0.0068187746,21.95,-0.0013151168823242188,0.0068187746,21.95,0.6923538,0.657543420791626
0.00091383944,95,0.0,49,2032,0.00848926,21.275,0.02453094720840454,0.00848926,21.275,0.6896584,1.201622724533081
0.0009271668,135,0.0,40,3060,0.0064552673,25.7,-0.00417327880859375,0.0064552673,25.7,0.6864382,1.762911081314087
0.00096562825,170,0.0,35,4083,0.007989473,28.6,0.05182039737701416,0.007989473,28.6,0.6794416,2.339416980743408
0.0010009136,199,0.0,29,5093,0.008174011,32.975,0.07164037227630615,0.008174011,32.975,0.6744952,2.8746094703674316
0.00097349077,220,0.0,21,6080,0.010781116,40.85,-0.041846394538879395,0.010781116,40.85,0.6713366,3.405424118041992
0.00082022825,248,0.0,28,7106,0.0060776677,40.275,0.058422207832336426,0.0060776677,40.275,0.65552497,3.9213438034057617
0.0008673172,270,0.0,22,8186,0.008802224,44.125,0.12644559144973755,0.008802224,44.125,0.65408856,4.4398462772369385
0.00087730517,292,0.0,22,9195,0.007917874,48.4,0.12524032592773438,0.007917874,48.4,0.6429354,4.980058193206787
0.0007981438,308,0.0,16,10188,0.0083142575,54.925,0.1463637351989746,0.0083142575,54.925,0.63926446,5.579051971435547
0.0007846275,322,0.0,14,11231,0.010330381,61.775,0.1892610788345337,0.010330381,61.775,0.6307277,6.124387979507446
0.0008022694,334,0.0,12,12234,0.006352991,73.275,0.26894843578338623,0.006352991,73.275,0.6235298,6.669567108154297
0.0008859782,345,0.0,11,13195,0.008496199,79.925,0.16728967428207397,0.008496199,79.925,0.6236372,7.305012464523315
0.0008642109,354,0.0,9,14302,0.01025472,93.975,0.047173500061035156,0.01025472,93.975,0.6261497,7.81322979927063
0.0007176969,361,0.0,7,15328,0.007143597,103.5,-0.1756991147994995,0.007143597,103.5,0.6132252,8.304953336715698
0.00071900035,368,0.0,7,16319,0.0046110367,112.7,0.02874547243118286,0.0046110367,112.7,0.601351,8.844732284545898
0.0008989732,374,0.0,6,17298,0.00672782,126.6,-0.025974631309509277,0.00672782,126.6,0.5950891,9.376385688781738
0.0007574095,381,0.0,7,18390,0.0073704766,135.7,0.06899374723434448,0.0073704766,135.7,0.59761304,9.900282621383667
0.0006615685,387,0.0,6,19440,0.00728538,151.975,0.2072466015815735,0.00728538,151.975,0.607078,10.469690322875977
0.00061542424,392,0.0,5,20396,0.002899346,158.75,0.03032970428466797,0.002899346,158.75,0.60191405,11.031775951385498
0.0006653197,398,0.0,6,21497,0.0090340115,164.975,-0.01827096939086914,0.0090340115,164.975,0.5973991,11.618690967559814
0.00084013894,403,0.0,5,22497,0.006374642,174.85,-0.04242122173309326,0.006374642,174.85,0.5988903,12.194050312042236
0.00087885855,408,0.0,5,23497,0.0049317763,179.45,0.016321837902069092,0.0049317763,179.45,0.6012864,12.758923292160034
0.000761944,413,0.0,5,24485,0.0033069733,184.425,-0.017940998077392578,0.0033069733,184.425,0.5999264,13.276708602905273
0.0007986253,420,0.0,7,25581,0.006778114,184.775,0.1322064995765686,0.006778114,184.775,0.59032303,13.861100435256958
0.0007856495,425,0.0,5,26569,0.010935858,187.5,0.05818897485733032,0.010935858,187.5,0.594821,14.43990707397461
0.00053583295,431,0.0,6,27617,0.004590354,185.525,0.08621090650558472,0.004590354,185.525,0.58146954,14.965085506439209
0.0006484621,436,0.0,5,28617,0.006020046,186.45,-0.002341628074645996,0.006020046,186.45,0.59365857,15.529250383377075
0.0004380358,441,0.0,5,29617,0.0026106853,188.0,-0.007230281829833984,0.0026106853,188.0,0.5892839,16.091329336166382
0.0006617033,447,0.0,6,30647,0.006467751,183.75,0.04368114471435547,0.006467751,183.75,0.5898235,16.666958332061768
0.0006147281,452,0.0,5,31647,0.00308628,184.05,-0.014719367027282715,0.00308628,184.05,0.59544754,17.199814558029175
0.0011021526,457,0.0,5,32647,0.008818011,189.675,-0.19545960426330566,0.008818011,189.675,0.5824334,17.775511264801025
0.0009072356,462,0.0,5,33647,0.0055325823,191.65,0.010311365127563477,0.0055325823,191.65,0.58535004,18.322118759155273
0.0009041808,467,0.0,5,34647,0.0054647317,191.95,0.03142780065536499,0.0054647317,191.95,0.5931498,18.875972747802734
0.00077116035,473,0.0,6,35835,0.0034390204,195.45,0.06848418712615967,0.0034390204,195.45,0.5839208,19.44352650642395
0.0005583881,478,0.0,5,36835,0.0032555703,195.45,0.06375086307525635,0.0032555703,195.45,0.59974056,20.00958561897278
0.0008517438,483,0.0,5,37835,0.0032217037,195.45,0.04136848449707031,0.0032217037,195.45,0.59623855,20.5775203704834
0.0007739018,488,0.0,5,38822,0.005042622,199.375,0.08983039855957031,0.005042622,199.375,0.58475125,21.135737419128418
0.00093493337,493,0.0,5,39810,0.007354902,199.075,0.12241679430007935,0.007354902,199.075,0.585412,21.680061101913452
0.0008418201,498,0.0,5,40810,0.0052833455,199.075,0.07254636287689209,0.0052833455,199.075,0.58053356,22.211124181747437
0.0007783431,504,0.0,6,41975,0.0067550912,198.2,0.19955778121948242,0.0067550912,198.2,0.5858954,22.773097276687622
0.0005437178,509,0.0,5,42949,0.002619559,197.85,0.12059497833251953,0.002619559,197.85,0.5767939,23.326252222061157
0.00079858914,514,0.0,5,43949,0.00697969,197.85,-0.0662221908569336,0.00697969,197.85,0.59878314,23.847378969192505
0.0005574331,519,0.0,5,44949,0.005043423,197.85,-0.01493990421295166,0.005043423,197.85,0.5718962,24.397483825683594
0.0008088,525,0.0,6,45904,0.0072421115,192.05,0.16284364461898804,0.0072421115,192.05,0.5900501,24.944993495941162
0.00074005325,531,0.0,6,47091,0.004635461,192.025,0.19319897890090942,0.004635461,192.025,0.60168797,25.46257472038269
0.00070133083,536,0.0,5,48091,0.0025461465,192.025,0.010768413543701172,0.0025461465,192.025,0.5816368,26.03119921684265
0.0008188433,541,0.0,5,49091,0.0032335306,192.8,0.13150805234909058,0.0032335306,192.8,0.59565675,26.631555795669556
0.0009207283,547,0.0,6,50131,0.00826735,189.55,0.08865833282470703,0.00826735,189.55,0.57127064,27.183290481567383
0.00076202373,552,0.0,5,51131,0.0048159882,189.55,0.15609371662139893,0.0048159882,189.55,0.59114647,27.725376844406128
0.0009109075,557,0.0,5,52089,0.007309478,188.5,-0.043979525566101074,0.007309478,188.5,0.5859854,28.317729473114014
0.00075054955,562,0.0,5,53089,0.0029139342,194.55,0.1636022925376892,0.0029139342,194.55,0.5849377,28.914933681488037
0.00064912543,568,0.0,6,54160,0.0065039303,191.4,0.1263168454170227,0.0065039303,191.4,0.5694325,29.42030644416809
0.0007485305,573,0.0,5,55160,0.0042593013,191.725,0.03974944353103638,0.0042593013,191.725,0.58697367,29.986352920532227
0.00078116497,578,0.0,5,56160,0.0076763425,191.725,-0.029908180236816406,0.0076763425,191.725,0.5753126,30.524545907974243
0.0006812279,583,0.0,5,57160,0.0023198836,191.725,0.06549632549285889,0.0023198836,191.725,0.60410774,31.032439470291138
0.0007673473,589,0.0,6,58360,0.0067725414,195.725,0.044025421142578125,0.0067725414,195.725,0.58028114,31.586623668670654
0.00070680736,594,0.0,5,59360,0.007428365,195.725,0.07573354244232178,0.007428365,195.725,0.57298005,32.191492795944214
0.0007941355,599,0.0,5,60322,0.003565723,195.825,0.12317228317260742,0.003565723,195.825,0.5878055,32.72800946235657
0.0007942014,604,0.0,5,61322,0.0058291415,195.825,0.11619329452514648,0.0058291415,195.825,0.5952393,33.258978605270386
0.0006363441,609,0.0,5,62322,0.002767588,199.05,0.13536441326141357,0.002767588,199.05,0.5927473,33.88384747505188
0.00089277525,614,0.0,5,63322,0.0078108655,199.05,0.1763412356376648,0.0078108655,199.05,0.5838302,34.42729592323303
0.00090332923,619,0.0,5,64322,0.006798707,199.05,0.09354948997497559,0.006798707,199.05,0.5877555,34.94607400894165
0.00091806636,625,0.0,6,65522,0.0053203497,199.05,0.19333243370056152,0.0053203497,199.05,0.5820036,35.52610230445862
0.00083106343,630,0.0,5,66501,0.0032573603,198.525,0.07848942279815674,0.0032573603,198.525,0.5789203,36.1039776802063
0.00065562956,635,0.0,5,67501,0.003422915,199.475,0.054473936557769775,0.003422915,199.475,0.57387733,36.62332510948181
0.0008068889,640,0.0,5,68501,0.0033747656,199.475,0.17864841222763062,0.0033747656,199.475,0.58070135,37.1927273273468
0.00071149634,645,0.0,5,69501,0.006462996,199.475,0.11715751886367798,0.006462996,199.475,0.57764685,37.75878405570984
0.0008838953,650,0.0,5,70501,0.0040866137,199.475,0.06254363059997559,0.0040866137,199.475,0.58252066,38.28197526931763
0.00072036136,655,0.0,5,71501,0.0052804947,199.475,0.042786478996276855,0.0052804947,199.475,0.56188357,38.8398973941803
0.0007378404,661,0.0,6,72701,0.009255064,199.475,0.19521111249923706,0.009255064,199.475,0.58432657,39.431233167648315
0.0006453287,666,0.0,5,73701,0.0038374076,199.475,0.17098724842071533,0.0038374076,199.475,0.58121485,39.98895025253296
0.0008456991,671,0.0,5,74701,0.0024202792,200.0,0.17631667852401733,0.0024202792,200.0,0.57478714,40.534438133239746
0.00087678584,676,0.0,5,75665,0.008542036,199.1,0.10045629739761353,0.008542036,199.1,0.5655291,41.063724994659424
0.0009164814,681,0.0,5,76665,0.0037896475,199.1,0.1155281662940979,0.0037896475,199.1,0.5783749,41.56828022003174
0.00072748016,687,0.0,6,77728,0.009532607,195.675,0.028004944324493408,0.009532607,195.675,0.5817281,42.1143593788147
0.0009029354,692,0.0,5,78728,0.005320927,195.675,0.1565893292427063,0.005320927,195.675,0.5739788,42.70951795578003
0.00095804554,697,0.0,5,79728,0.004126601,195.675,0.19558846950531006,0.004126601,195.675,0.57928807,43.291778326034546
0.0008033474,702,0.0,5,80728,0.004193819,195.675,0.30748605728149414,0.004193819,195.675,0.5713531,43.82387661933899
0.00072123087,707,0.0,5,81728,0.005199218,195.675,0.15013223886489868,0.005199218,195.675,0.5888842,44.37496781349182
0.0007345174,713,0.0,6,82928,0.0071787788,196.575,0.22649914026260376,0.0071787788,196.575,0.58176684,44.96236610412598
0.0008746472,718,0.0,5,83928,0.005525832,196.575,0.2001062035560608,0.005525832,196.575,0.56667256,45.48040413856506
0.00073816016,723,0.0,5,84896,0.0049599875,195.775,0.10508120059967041,0.0049599875,195.775,0.57932127,46.02726745605469
0.0010135245,728,0.0,5,85896,0.0061100367,199.2,0.08561575412750244,0.0061100367,199.2,0.5777291,46.62015175819397
0.00053717976,734,0.0,6,86969,0.0044925027,196.025,0.10947787761688232,0.0044925027,196.025,0.564794,47.17303538322449
0.0007256931,739,0.0,5,87969,0.004210635,196.025,-0.0895611047744751,0.004210635,196.025,0.56683624,47.68469977378845
0.0005413606,744,0.0,5,88937,0.01184302,195.225,0.15723031759262085,0.01184302,195.225,0.56977594,48.280187368392944
0.00079407665,749,0.0,5,89937,0.0037753824,195.225,0.06633162498474121,0.0037753824,195.225,0.5723619,48.78941988945007
0.000623385,754,0.0,5,90937,0.0051229913,195.225,0.06791579723358154,0.0051229913,195.225,0.57184494,49.318217754364014
0.00069740927,760,0.0,6,92137,0.004848878,196.025,0.15186983346939087,0.004848878,196.025,0.5643349,49.89337515830994
0.00073198404,765,0.0,5,93137,0.005325578,196.025,0.12163662910461426,0.005325578,196.025,0.57026887,50.46881031990051
0.00081480516,770,0.0,5,94137,0.0058521125,199.2,0.1763191819190979,0.0058521125,199.2,0.56239206,50.99054741859436
0.0009395662,775,0.0,5,95137,0.0051442618,199.2,-0.18865728378295898,0.0051442618,199.2,0.53341603,51.530166149139404
0.00065845775,780,0.0,5,96137,0.004002478,200.0,0.05353236198425293,0.004002478,200.0,0.5604277,52.04359984397888
0.00073649455,785,0.0,5,97137,0.0049508354,200.0,0.13321536779403687,0.0049508354,200.0,0.57978463,52.557289838790894
0.00044480688,790,0.0,5,98137,0.005998471,200.0,0.036855101585388184,0.005998471,200.0,0.5637866,53.16460466384888
0.00094043673,795,0.0,5,99137,0.0052099926,200.0,0.027366936206817627,0.0052099926,200.0,0.5626954,53.713396072387695
0.0007728521,801,0.0,6,100337,0.0050383834,200.0,0.07276743650436401,0.0050383834,200.0,0.57923055,54.267249584198
