entropy,EpThisIter,ev_tdlam_before,optimgain,EpRewMean,EpisodesSoFar,entloss,TimestepsSoFar,meankl,surrgain,EpLenMean,TimeElapsed
0.68971753,42,0.0030536651611328125,0.012288121,24.425,42,0.0,1008,0.0033969444,0.012288121,24.425,0.6988790035247803
0.6777376,38,-0.0011442899703979492,0.0176979,27.25,80,0.0,2044,0.004536209,0.0176979,27.25,1.3032045364379883
0.6617,26,-0.0010454654693603516,0.019933892,36.075,106,0.0,3066,0.0046399105,0.019933892,36.075,1.8330276012420654
0.6377872,25,-0.012360930442810059,0.018465087,40.025,131,0.0,4034,0.004659118,0.018465087,40.025,2.405344247817993
0.6177211,16,0.01470726728439331,0.010738224,49.125,147,0.0,5069,0.0040868074,0.010738224,49.125,2.9556100368499756
0.6125179,9,0.018669068813323975,0.0088582635,66.45,156,0.0,6116,0.0038003554,0.0088582635,66.45,3.492537498474121
0.60371935,7,0.005358755588531494,0.0091625815,82.5,163,0.0,7002,0.0031385904,0.0091625815,82.5,4.07103967666626
0.5976631,7,0.026458144187927246,0.012076144,102.2,170,0.0,8105,0.003984262,0.012076144,102.2,4.584336280822754
0.5992988,6,0.01104968786239624,0.008509123,118.4,176,0.0,9108,0.0029349395,0.008509123,118.4,5.162356376647949
0.599188,6,0.0021401047706604004,0.009909665,131.025,182,0.0,10042,0.0056125186,0.009909665,131.025,5.735936164855957
0.5960857,7,0.016399860382080078,0.008160117,149.15,189,0.0,11206,0.0028372367,0.008160117,149.15,6.294902563095093
0.57213163,8,0.0017560124397277832,0.01681635,149.7,197,0.0,12153,0.00395104,0.01681635,149.7,6.8188252449035645
0.58717257,7,0.0012515783309936523,0.008918235,152.25,204,0.0,13292,0.003131779,0.008918235,152.25,7.397019624710083
0.58853716,7,0.003845691680908203,0.01745024,152.575,211,0.0,14327,0.004078981,0.01745024,152.575,8.03735876083374
0.6044208,6,0.006677567958831787,0.016278658,150.675,217,0.0,15335,0.006286281,0.016278658,150.675,8.577838659286499
0.58598185,5,0.004335343837738037,0.01279104,155.225,222,0.0,16251,0.0048618456,0.01279104,155.225,9.13637661933899
0.5997081,6,0.0057122111320495605,0.011829562,159.575,228,0.0,17389,0.0056584235,0.011829562,159.575,9.729909181594849
0.58916044,6,0.004392683506011963,0.015656376,164.3,234,0.0,18407,0.003952371,0.015656376,164.3,10.250592947006226
0.5872165,7,0.0039563775062561035,0.010778185,164.25,241,0.0,19413,0.0021315073,0.010778185,164.25,10.816642761230469
0.58281624,6,0.0018962621688842773,0.010294181,165.25,247,0.0,20450,0.003859502,0.010294181,165.25,11.36861801147461
0.5852587,6,-0.00013446807861328125,0.0124794515,169.6,253,0.0,21404,0.0033605667,0.0124794515,169.6,11.900580883026123
0.6141906,5,0.00027829408645629883,0.012602301,171.375,258,0.0,22390,0.0072338865,0.012602301,171.375,12.45646595954895
0.5856394,8,0.0007039904594421387,0.0135561135,161.275,266,0.0,23440,0.003774648,0.0135561135,161.275,13.045095205307007
0.59731054,6,0.0003420710563659668,0.013315655,161.625,272,0.0,24514,0.0040869378,0.013315655,161.625,13.558531045913696
0.5920424,5,0.0009362697601318359,0.013710394,165.875,277,0.0,25478,0.0038222254,0.013710394,165.875,14.091993808746338
0.57225335,7,0.00043898820877075195,0.017107807,166.275,284,0.0,26563,0.0038404248,0.017107807,166.275,14.5834379196167
0.56773174,6,1.0848045349121094e-05,0.009984342,166.1,290,0.0,27643,0.002022996,0.009984342,166.1,15.073237895965576
0.5588148,6,0.0009150505065917969,0.015246044,163.425,296,0.0,28527,0.004872141,0.015246044,163.425,15.629855632781982
0.5781227,6,0.000399172306060791,0.011893931,166.925,302,0.0,29609,0.007482353,0.011893931,166.925,16.23013472557068
0.57221717,6,0.0005838274955749512,0.01183515,169.95,308,0.0,30638,0.0033047064,0.01183515,169.95,16.753254413604736
0.5457913,7,0.001063525676727295,0.012265019,165.075,315,0.0,31698,0.0032724382,0.012265019,165.075,17.300931215286255
0.5489926,6,0.003051578998565674,0.012100583,160.775,321,0.0,32608,0.0042216703,0.012100583,160.775,17.861451148986816
0.56142867,6,0.042052388191223145,0.014218094,163.0,327,0.0,33638,0.005429361,0.014218094,163.0,18.35743546485901
0.55670524,6,0.1217963695526123,0.01151363,164.65,333,0.0,34729,0.0036687143,0.01151363,164.65,18.843763828277588
0.5460831,5,0.2600175738334656,0.016726257,170.4,338,0.0,35646,0.0044414736,0.016726257,170.4,19.38950204849243
0.5726112,6,0.08960592746734619,0.009985577,172.175,344,0.0,36795,0.005610342,0.009985577,172.175,19.919636964797974
0.5442327,6,0.16650843620300293,0.011108594,171.675,350,0.0,37824,0.0036621923,0.011108594,171.675,20.478934288024902
0.5477656,6,0.23698049783706665,0.014166879,173.25,356,0.0,38760,0.003655977,0.014166879,173.25,21.022408962249756
0.56351113,6,0.311717689037323,0.012218708,176.925,362,0.0,39851,0.005693954,0.012218708,176.925,21.557663679122925
0.56749153,6,0.3562907576560974,0.006140976,178.9,368,0.0,40960,0.004373925,0.006140976,178.9,22.129408359527588
0.5571225,5,0.00325775146484375,0.012167196,180.775,373,0.0,41960,0.0049386825,0.012167196,180.775,22.671642065048218
0.5665251,5,0.2904926538467407,0.010246077,182.25,378,0.0,42936,0.0040394464,0.010246077,182.25,23.187721490859985
0.5437661,6,0.2924126982688904,0.009333978,179.0,384,0.0,43955,0.0037243273,0.009333978,179.0,23.7669517993927
0.5532844,6,0.26073163747787476,0.0160213,179.2,390,0.0,44992,0.0035887333,0.0160213,179.2,24.304732084274292
0.5404169,5,0.3822600245475769,0.0097284885,179.6,395,0.0,45902,0.0040867906,0.0097284885,179.6,24.902218103408813
0.54654294,6,0.002119779586791992,0.013291931,185.45,401,0.0,47100,0.005613728,0.013291931,185.45,25.503302812576294
0.5681575,5,0.12692761421203613,0.008560844,188.0,406,0.0,48080,0.0045702923,0.008560844,188.0,26.082687854766846
0.56208646,5,0.03604471683502197,0.0073155235,188.0,411,0.0,49080,0.0044018133,0.0073155235,188.0,26.6608304977417
0.52347213,6,0.08923178911209106,0.01675856,182.925,417,0.0,50053,0.004264475,0.01675856,182.925,27.25803828239441
0.50953436,6,0.20492589473724365,0.011109433,185.5,423,0.0,51194,0.0039991015,0.011109433,185.5,27.819878101348877
0.5252273,5,0.11027032136917114,0.009014361,187.35,428,0.0,52169,0.0033309092,0.009014361,187.35,28.39001441001892
0.52187026,5,0.13331711292266846,0.0088494625,189.375,433,0.0,53125,0.0047290074,0.0088494625,189.375,28.970717906951904
0.51979864,6,0.16313892602920532,0.01233108,185.075,439,0.0,54105,0.0035945629,0.01233108,185.075,29.533968925476074
0.5370409,6,0.14160335063934326,0.00902674,182.8,445,0.0,55192,0.0036004134,0.00902674,182.8,30.057044744491577
0.52828276,6,0.23310446739196777,0.012964652,179.625,451,0.0,56265,0.004252306,0.012964652,179.625,30.622475624084473
0.5162495,5,0.30582892894744873,0.0135349855,182.875,456,0.0,57168,0.005434955,0.0135349855,182.875,31.12558650970459
0.49632823,6,0.21530014276504517,0.008838476,181.1,462,0.0,58238,0.0038778207,0.008838476,181.1,31.696755170822144
0.517158,6,0.16807681322097778,0.008934965,180.275,468,0.0,59380,0.0055483645,0.008934965,180.275,32.24590349197388
0.51328766,6,0.4241315722465515,0.010129655,176.2,474,0.0,60347,0.0046224603,0.010129655,176.2,32.77268195152283
0.51068354,5,0.27812516689300537,0.010401262,178.5,479,0.0,61245,0.006635447,0.010401262,178.5,33.32494783401489
0.51089555,6,0.3791174292564392,0.003875664,181.325,485,0.0,62445,0.003329181,0.003875664,181.325,33.89459300041199
0.53277457,5,0.37829411029815674,0.0071353987,184.025,490,0.0,63426,0.004184064,0.0071353987,184.025,34.472328424453735
0.54929435,5,0.5742581486701965,0.00772871,185.9,495,0.0,64420,0.003367861,0.00772871,185.9,34.99407935142517
0.5208779,5,0.2828763723373413,0.009113028,189.55,500,0.0,65420,0.00509632,0.009113028,189.55,35.569793939590454
0.51742643,7,0.29426074028015137,0.016344212,183.625,507,0.0,66525,0.005968895,0.016344212,183.625,36.12740921974182
0.51581573,5,0.6715173721313477,0.012261574,185.1,512,0.0,67447,0.004586244,0.012261574,185.1,36.658114433288574
0.51868737,5,0.5169950425624847,0.012259378,189.65,517,0.0,68431,0.005954325,0.012259378,189.65,37.23066520690918
0.5144748,6,0.2582036256790161,0.011498442,189.65,523,0.0,69631,0.004953752,0.011498442,189.65,37.79322624206543
0.5132201,5,0.35091084241867065,0.0073600425,189.7,528,0.0,70631,0.0023716255,0.0073600425,189.7,38.33095574378967
0.5034675,5,0.5461545884609222,0.0063239695,190.275,533,0.0,71631,0.0027918348,0.0063239695,190.275,38.878756046295166
0.5090604,5,0.143466055393219,0.0064519383,190.275,538,0.0,72631,0.004253929,0.0064519383,190.275,39.4533486366272
0.50148565,5,0.3141476511955261,0.009916967,190.075,543,0.0,73559,0.004151037,0.009916967,190.075,39.983938217163086
0.5310874,5,0.06758105754852295,0.0057758633,197.6,548,0.0,74559,0.0048064296,0.0057758633,197.6,40.53084921836853
0.5296389,6,0.34384143352508545,0.013246151,197.8,554,0.0,75759,0.0037972098,0.013246151,197.8,41.066277265548706
0.5146918,5,0.24658042192459106,0.007906506,198.2,559,0.0,76759,0.0039826403,0.007906506,198.2,41.60573410987854
0.5277634,5,0.2714310884475708,0.011289386,198.2,564,0.0,77759,0.0043741143,0.011289386,198.2,42.18097686767578
0.5018026,6,0.33171337842941284,0.011806509,195.2,570,0.0,78839,0.006342463,0.011806509,195.2,42.76416611671448
0.54590106,5,0.7201078236103058,0.012393641,195.2,575,0.0,79839,0.0047098445,0.012393641,195.2,43.325037717819214
0.51811403,5,0.5582961142063141,0.010710666,195.1,580,0.0,80835,0.0042140875,0.010710666,195.1,43.84723949432373
0.52715164,5,0.5487789213657379,0.0086738905,196.9,585,0.0,81835,0.003564255,0.0086738905,196.9,44.38105392456055
0.5399197,5,0.5363504588603973,0.008860835,196.9,590,0.0,82835,0.003891828,0.008860835,196.9,44.95443248748779
0.5194941,5,0.2679661512374878,0.013025471,196.9,595,0.0,83835,0.0039856075,0.013025471,196.9,45.50933361053467
0.5422158,5,0.44481533765792847,0.007926684,196.9,600,0.0,84835,0.00363969,0.007926684,196.9,46.098031520843506
0.5445174,5,0.4109865427017212,0.012340238,196.9,605,0.0,85835,0.004414348,0.012340238,196.9,46.68946409225464
0.53935504,6,0.4027065634727478,0.013343086,199.9,611,0.0,87035,0.0043565705,0.013343086,199.9,47.19967603683472
0.5330993,5,0.4846498370170593,0.0104448525,197.425,616,0.0,87936,0.0030403272,0.0104448525,197.425,47.74817132949829
0.53065777,5,0.5575028955936432,0.009200028,197.525,621,0.0,88936,0.0028682335,0.009200028,197.525,48.310720443725586
0.51554656,5,0.6785367727279663,0.01088055,197.525,626,0.0,89936,0.004056225,0.01088055,197.525,48.815956115722656
0.51388234,6,0.5539514720439911,0.008678683,197.525,632,0.0,91136,0.0037949113,0.008678683,197.525,49.40923857688904
0.51317227,5,0.48281216621398926,0.008418561,197.525,637,0.0,92136,0.0036829808,0.008418561,197.525,49.989649057388306
0.4983391,5,0.6513467729091644,0.013367151,197.525,642,0.0,93136,0.0055205813,0.013367151,197.525,50.52290177345276
0.52266246,5,0.5815088152885437,0.006345713,197.525,647,0.0,94136,0.0054348456,0.006345713,197.525,51.07079291343689
0.51319647,5,0.2983388304710388,0.010294711,197.525,652,0.0,95136,0.004325819,0.010294711,197.525,51.633103370666504
0.5536768,5,0.6157774329185486,0.0048151575,200.0,657,0.0,96136,0.002540315,0.0048151575,200.0,52.138097047805786
0.52473366,5,0.6283491551876068,0.013713158,200.0,662,0.0,97136,0.0037592591,0.013713158,200.0,52.663599491119385
0.5290587,5,0.6622267067432404,0.008286591,200.0,667,0.0,98136,0.0036302162,0.008286591,200.0,53.23515868186951
0.5280602,6,0.6640413403511047,0.010778872,199.8,673,0.0,99328,0.004022346,0.010778872,199.8,53.7958722114563
0.5090622,5,0.730150431394577,0.012725147,199.8,678,0.0,100328,0.0036436352,0.012725147,199.8,54.30888295173645
