meankl,surrgain,EpLenMean,TimeElapsed,optimgain,EpisodesSoFar,entropy,EpRewMean,EpThisIter,ev_tdlam_before,TimestepsSoFar,entloss
0.0009442662,0.00579463,19.7,0.7193887233734131,0.00579463,48,0.6922368,19.7,48,-0.029211997985839844,1015,0.0
0.0008704079,0.007743611,23.85,1.2431752681732178,0.007743611,91,0.6899502,23.85,43,-0.09362649917602539,2035,0.0
0.0009219786,0.008727949,26.875,1.7679390907287598,0.008727949,129,0.68560594,26.875,38,0.04024690389633179,3053,0.0
0.00094714866,0.010054622,25.775,2.3239521980285645,0.010054622,169,0.6794043,25.775,40,0.027239859104156494,4084,0.0
0.0009978754,0.010891909,29.95,2.8608100414276123,0.010891909,203,0.67332643,29.95,34,0.009167909622192383,5110,0.0
0.0009877185,0.008982223,35.175,3.437535047531128,0.008982223,229,0.6671162,35.175,26,0.1062546968460083,6118,0.0
0.00096894696,0.0115982145,37.625,3.9947683811187744,0.0115982145,253,0.6577016,37.625,24,0.07632029056549072,7078,0.0
0.00094052084,0.010190013,46.45,4.545921564102173,0.010190013,274,0.6507698,46.45,21,0.06733304262161255,8186,0.0
0.0008907475,0.012658594,49.8,5.102350473403931,0.012658594,294,0.6325964,49.8,20,0.0851060152053833,9182,0.0
0.0011080941,0.012353856,60.575,5.671332359313965,0.012353856,308,0.6321061,60.575,14,0.2670546770095825,10228,0.0
0.0007876515,0.009253815,66.7,6.2427592277526855,0.009253815,321,0.6280911,66.7,13,0.08485758304595947,11212,0.0
0.0009308916,0.0134071605,81.45,6.771762847900391,0.0134071605,331,0.6169543,81.45,10,0.09834688901901245,12258,0.0
0.00085572695,0.008290169,88.35,7.326949596405029,0.008290169,340,0.60815156,88.35,9,0.2995625138282776,13260,0.0
0.0006524099,0.0091778105,102.325,7.968039035797119,0.0091778105,346,0.6239368,102.325,6,0.12543529272079468,14173,0.0
0.0007752231,0.0057619354,117.55,8.490029096603394,0.0057619354,352,0.6192469,117.55,6,0.004127025604248047,15279,0.0
0.0008492867,0.008940086,127.325,9.049541711807251,0.008940086,359,0.5897564,127.325,7,0.111228346824646,16257,0.0
0.0008161933,0.009200474,138.5,9.609544038772583,0.009200474,366,0.5929086,138.5,7,0.13204210996627808,17324,0.0
0.0006412931,0.0057685333,151.25,10.125168323516846,0.0057685333,371,0.60749984,151.25,5,0.18392717838287354,18308,0.0
0.0008224944,0.0050776526,160.35,10.661095380783081,0.0050776526,376,0.60933936,160.35,5,0.0026862621307373047,19308,0.0
0.00073020067,0.0033804448,171.2,11.216386079788208,0.0033804448,381,0.61363685,171.2,5,0.014420032501220703,20308,0.0
0.00068052515,0.0040892595,178.375,11.767845630645752,0.0040892595,386,0.592965,178.375,5,0.14843344688415527,21308,0.0
0.0009275917,0.0031494172,180.725,12.316438674926758,0.0031494172,392,0.61066306,180.725,6,0.0678015947341919,22508,0.0
0.00079149124,0.00464223,186.625,12.84240436553955,0.00464223,398,0.5886194,186.625,6,0.2712257504463196,23522,0.0
0.00056211726,0.0029008146,190.275,13.445678472518921,0.0029008146,403,0.6019637,190.275,5,0.2085942029953003,24478,0.0
0.00088533195,0.005186785,194.25,13.9527428150177,0.005186785,408,0.6071124,194.25,5,0.1367727518081665,25478,0.0
0.0008508154,0.0029595187,193.825,14.508121252059937,0.0029595187,413,0.5958713,193.825,5,0.21674472093582153,26461,0.0
0.0006933442,0.0051599722,192.85,15.031482696533203,0.0051599722,419,0.5927923,192.85,6,0.22393381595611572,27622,0.0
0.0008135252,0.0067911004,192.85,15.532698392868042,0.0067911004,424,0.5908598,192.85,5,0.15400409698486328,28622,0.0
0.00081769406,0.004729657,192.85,16.090444564819336,0.004729657,429,0.6050694,192.85,5,0.10159200429916382,29622,0.0
0.0007798178,0.0033808565,192.45,16.60509181022644,0.0033808565,434,0.6187627,192.45,5,0.12857699394226074,30606,0.0
0.00081580447,0.007141235,193.95,17.14804220199585,0.007141235,440,0.5873797,193.95,6,0.22639691829681396,31663,0.0
0.001012812,0.005356306,194.6,17.676637649536133,0.005356306,445,0.5923557,194.6,5,0.20788109302520752,32662,0.0
0.00075471087,0.003467592,194.6,18.191521406173706,0.003467592,450,0.5994271,194.6,5,0.10674095153808594,33662,0.0
0.00089177676,0.0038747787,195.025,18.692118644714355,0.0038747787,455,0.6021862,195.025,5,0.0014113187789916992,34662,0.0
0.0007524134,0.0053474396,195.575,19.20739722251892,0.0053474396,460,0.58318585,195.575,5,0.22381699085235596,35645,0.0
0.0008057798,0.0046990607,195.025,19.7126727104187,0.0046990607,466,0.60127836,195.025,6,0.10045701265335083,36823,0.0
0.00083652476,0.006595716,194.8,20.254130363464355,0.006595716,471,0.58046615,194.8,5,0.16437727212905884,37798,0.0
0.0008968072,0.006218408,197.15,20.774388790130615,0.006218408,476,0.5981601,197.15,5,0.18108975887298584,38798,0.0
0.0006769063,0.0036537764,198.2,21.300309419631958,0.0036537764,481,0.5868342,198.2,5,-0.204909086227417,39791,0.0
0.0007725281,0.005520524,198.225,21.81779384613037,0.005520524,486,0.5867065,198.225,5,0.2554900050163269,40791,0.0
0.00044966003,0.0062443377,198.225,22.36422562599182,0.0062443377,491,0.5718614,198.225,5,0.23002976179122925,41791,0.0
0.00078813836,0.0034793448,198.65,22.88943314552307,0.0034793448,497,0.5905876,198.65,6,0.09585070610046387,42991,0.0
0.0008610247,0.0064268764,195.15,23.39345097541809,0.0064268764,503,0.58263916,195.15,6,0.1885780692100525,44029,0.0
0.00032379522,0.0033889874,195.775,23.938245058059692,0.0033889874,508,0.56945217,195.775,5,0.20684289932250977,45029,0.0
0.0006625551,0.0039157923,195.775,24.44463586807251,0.0039157923,513,0.575969,195.775,5,0.08323913812637329,46029,0.0
0.0006623564,0.004232393,195.725,24.973483324050903,0.004232393,518,0.58280826,195.725,5,-0.022987961769104004,47020,0.0
0.00072636164,0.0044085965,195.15,25.499123096466064,0.0044085965,523,0.5861392,195.15,5,0.19452446699142456,47997,0.0
0.00074887543,0.0056783515,195.15,26.009601831436157,0.0056783515,528,0.5800668,195.15,5,0.14813649654388428,48997,0.0
0.00054592214,0.0027415645,192.475,26.51715874671936,0.0027415645,534,0.5732875,192.475,6,0.14885175228118896,50090,0.0
0.00076505286,0.0071934033,192.475,27.055898666381836,0.0071934033,539,0.58400184,192.475,5,0.13834553956985474,51090,0.0
0.0006531118,0.008802392,190.275,27.585747003555298,0.008802392,545,0.57395977,190.275,6,-0.10739707946777344,52040,0.0
0.00071363896,0.0052265027,189.775,28.1201651096344,0.0052265027,551,0.5835291,189.775,6,0.29400360584259033,53220,0.0
0.0006089997,0.0058025825,189.25,28.64299464225769,0.0058025825,556,0.5809749,189.25,5,0.3571017384529114,54199,0.0
0.0008115445,0.005832626,189.475,29.165897607803345,0.005832626,561,0.5856159,189.475,5,0.32819437980651855,55199,0.0
0.00067507755,0.0046068016,190.05,29.6405611038208,0.0046068016,566,0.5756645,190.05,5,0.07997298240661621,56199,0.0
0.0004562697,0.0034674844,192.55,30.11619544029236,0.0034674844,571,0.58714986,192.55,5,-0.22661423683166504,57192,0.0
0.0005643144,0.0047430396,191.35,30.64450168609619,0.0047430396,577,0.58296597,191.35,6,0.15621834993362427,58344,0.0
0.0007976877,0.0047345976,192.325,31.185434818267822,0.0047345976,582,0.57096374,192.325,5,0.15961778163909912,59324,0.0
0.0009236708,0.0062173726,197.1,31.69471526145935,0.0062173726,587,0.58179307,197.1,5,0.2700154781341553,60324,0.0
0.0005865165,0.005505152,198.125,32.22697377204895,0.005505152,592,0.57276946,198.125,5,0.2905842661857605,61324,0.0
0.0007651448,0.00716161,197.925,32.76422190666199,0.00716161,597,0.58545464,197.925,5,0.40843403339385986,62316,0.0
0.0005950318,0.003207215,197.925,33.27185821533203,0.003207215,602,0.5840955,197.925,5,0.22262215614318848,63316,0.0
0.00086556724,0.0063481247,197.125,33.804935693740845,0.0063481247,608,0.5685931,197.125,6,0.39402639865875244,64477,0.0
0.0006618799,0.0032380042,197.125,34.33049750328064,0.0032380042,613,0.5982071,197.125,5,0.27086150646209717,65477,0.0
0.0009774193,0.010860691,197.675,34.833205461502075,0.010860691,618,0.5786893,197.675,5,0.24721133708953857,66451,0.0
0.00070532796,0.0077033984,197.7,35.34351062774658,0.0077033984,623,0.56362236,197.7,5,0.02796381711959839,67432,0.0
0.00090370234,0.007493707,197.7,35.87510561943054,0.007493707,628,0.5809299,197.7,5,0.29809850454330444,68432,0.0
0.00076027884,0.0051835706,197.2,36.39355778694153,0.0051835706,634,0.5779075,197.2,6,0.227450430393219,69604,0.0
0.0007893172,0.0040151644,197.2,36.904412508010864,0.0040151644,639,0.5960429,197.2,5,0.19037383794784546,70604,0.0
0.00073514425,0.0048857643,197.875,37.40509271621704,0.0048857643,644,0.5864519,197.875,5,0.4106227159500122,71604,0.0
0.0008912079,0.006494907,198.175,37.92941236495972,0.006494907,649,0.57378805,198.175,5,0.16389703750610352,72604,0.0
0.00075032056,0.005402103,197.525,38.44744539260864,0.005402103,654,0.5722047,197.525,5,0.08388447761535645,73578,0.0
0.000698526,0.0056649363,198.175,38.95432233810425,0.0056649363,659,0.5638189,198.175,5,0.20288074016571045,74578,0.0
0.0006619417,0.007054681,198.65,39.47923755645752,0.007054681,664,0.5786042,198.65,5,0.23006373643875122,75578,0.0
0.0006317499,0.0046863803,198.05,40.04097008705139,0.0046863803,670,0.5566409,198.05,6,0.1568029522895813,76754,0.0
0.00081585004,0.0058289645,198.275,40.56603956222534,0.0058289645,675,0.59151673,198.275,5,0.0824657678604126,77735,0.0
0.00053035334,0.0029547461,198.275,41.047609090805054,0.0029547461,680,0.56905204,198.275,5,0.038650453090667725,78735,0.0
0.0006451905,0.0051067607,197.8,41.531275510787964,0.0051067607,685,0.5838274,197.8,5,0.24755889177322388,79716,0.0
0.00064502505,0.0058129802,197.8,42.020503759384155,0.0058129802,690,0.57723165,197.8,5,-0.27445173263549805,80716,0.0
0.0008407434,0.0041005737,197.925,42.52416491508484,0.0041005737,696,0.569926,197.925,6,0.09388923645019531,81895,0.0
0.00078858674,0.007417329,197.925,43.06718111038208,0.007417329,701,0.56859183,197.925,5,0.09626686573028564,82895,0.0
0.0006338561,0.0030291672,197.925,43.56722593307495,0.0030291672,706,0.58413374,197.925,5,0.1184619665145874,83895,0.0
0.00071716827,0.007389444,197.3,44.13599610328674,0.007389444,711,0.562363,197.3,5,-0.012850522994995117,84846,0.0
0.00062122766,0.0053227507,197.775,44.65658450126648,0.0053227507,716,0.5940604,197.775,5,0.23061388731002808,85846,0.0
0.00073023007,0.004027476,198.25,45.19138026237488,0.004027476,721,0.5751064,198.25,5,0.15841269493103027,86846,0.0
0.0008411305,0.0077954857,198.25,45.71178197860718,0.0077954857,727,0.56676763,198.25,6,0.22369909286499023,88046,0.0
0.00092002866,0.0053504114,198.25,46.2423837184906,0.0053504114,732,0.5891237,198.25,5,-0.02609550952911377,89046,0.0
0.000743689,0.0023108162,198.775,46.75346064567566,0.0023108162,737,0.5866891,198.775,5,0.290554404258728,90046,0.0
0.0006814761,0.004143988,198.775,47.281434059143066,0.004143988,742,0.5804911,198.775,5,0.10877454280853271,91046,0.0
0.00076549395,0.0053294413,198.775,47.801286935806274,0.0053294413,747,0.5699505,198.775,5,0.15558481216430664,92046,0.0
0.00053850026,0.0035230983,200.0,48.32003951072693,0.0035230983,752,0.56876326,200.0,5,0.035943686962127686,93046,0.0
0.0005435144,0.0051175263,200.0,48.85759210586548,0.0051175263,757,0.59152865,200.0,5,0.27934712171554565,94046,0.0
0.0008332244,0.0046524634,200.0,49.38379764556885,0.0046524634,762,0.5777671,200.0,5,0.20955342054367065,95046,0.0
0.0006357883,0.005813471,200.0,49.91488528251648,0.005813471,768,0.57456154,200.0,6,0.17728805541992188,96246,0.0
0.00085273513,0.0027631703,200.0,50.4568657875061,0.0027631703,773,0.5818135,200.0,5,0.2761904001235962,97246,0.0
0.0007889756,0.0069265175,200.0,50.957576513290405,0.0069265175,778,0.58550143,200.0,5,0.1745312213897705,98246,0.0
0.00045003387,0.005546518,200.0,51.48725914955139,0.005546518,783,0.5868453,200.0,5,0.2804926037788391,99246,0.0
0.00077148096,0.0060287854,198.15,51.9785692691803,0.0060287854,788,0.573019,198.15,5,0.3533779978752136,100172,0.0
