EpRewMean,entropy,EpThisIter,TimestepsSoFar,EpisodesSoFar,meankl,ev_tdlam_before,TimeElapsed,surrgain,entloss,optimgain,EpLenMean
20.325,0.6922032,46,1013,46,0.00090724835,0.0003966093063354492,0.7104754447937012,0.0056738215,0.0,0.0056738215,20.325
26.975,0.6900413,38,2022,84,0.0009119211,0.0023825764656066895,1.3187267780303955,0.0068713985,0.0,0.0068713985,26.975
26.575,0.6854794,39,3069,123,0.001064772,-0.008353352546691895,1.9274005889892578,0.008674092,0.0,0.008674092,26.575
27.575,0.6798383,36,4069,159,0.0009527119,0.016061007976531982,2.4811692237854004,0.010334498,0.0,0.010334498,27.575
31.525,0.67285186,32,5053,191,0.00091697264,0.0006028413772583008,3.018427848815918,0.0073971106,0.0,0.0073971106,31.525
37.025,0.66566753,27,6111,218,0.000931276,-0.0024062395095825195,3.5567679405212402,0.00903717,0.0,0.00903717,37.025
43.975,0.6570394,18,7083,236,0.00096417335,0.01186680793762207,4.1424031257629395,0.0072992668,0.0,0.0072992668,43.975
50.625,0.64226604,23,8180,259,0.0010236595,0.007926762104034424,4.6990344524383545,0.0074885474,0.0,0.0074885474,50.625
56.025,0.64330125,15,9212,274,0.0009360494,0.010491609573364258,5.236086845397949,0.006857118,0.0,0.006857118,56.025
63.725,0.63487613,15,10217,289,0.00091976207,0.0007423162460327148,5.72928786277771,0.009542276,0.0,0.009542276,63.725
69.475,0.6241165,14,11223,303,0.0008514316,0.0070209503173828125,6.302161693572998,0.007658529,0.0,0.007658529,69.475
74.0,0.61997116,12,12287,315,0.00062721566,0.006895184516906738,6.800026178359985,0.0049076304,0.0,0.0049076304,74.0
81.975,0.61756766,8,13164,323,0.00075159466,0.005669236183166504,7.413480758666992,0.005710508,0.0,0.005710508,81.975
96.275,0.6147677,9,14299,332,0.00070745253,0.011248528957366943,7.946226358413696,0.0059466898,0.0,0.0059466898,96.275
107.45,0.6172155,7,15263,339,0.0007274274,0.01060497760772705,8.483591556549072,0.007426535,0.0,0.007426535,107.45
118.725,0.6081751,9,16380,348,0.0008006057,0.008107364177703857,9.054692268371582,0.004838219,0.0,0.004838219,118.725
127.5,0.6134161,5,17240,353,0.00061863835,0.01976454257965088,9.645442485809326,0.004881707,0.0,0.004881707,127.5
137.075,0.6190746,7,18244,360,0.00081597606,0.024549543857574463,10.243906736373901,0.005220428,0.0,0.005220428,137.075
143.175,0.62121665,6,19338,366,0.00076365285,0.08947402238845825,10.817032098770142,0.006393386,0.0,0.006393386,143.175
152.125,0.6211239,5,20338,371,0.0007593781,0.00019747018814086914,11.412336826324463,0.00272747,0.0,0.00272747,152.125
160.575,0.60540813,6,21420,377,0.00080339005,0.017138004302978516,11.963982105255127,0.0062574022,0.0,0.0062574022,160.575
158.275,0.5940552,8,22445,385,0.00088225526,0.18655502796173096,12.512481451034546,0.0060297195,0.0,0.0060297195,158.275
164.275,0.5949659,6,23428,391,0.0006818541,0.0889897346496582,13.07996416091919,0.005983646,0.0,0.005983646,164.275
167.4,0.60023326,6,24562,397,0.0008014636,0.038125693798065186,13.653274536132812,0.0073416494,0.0,0.0073416494,167.4
168.6,0.6039421,6,25537,403,0.0007260942,-0.0033104419708251953,14.21869969367981,0.0044566393,0.0,0.0044566393,168.6
163.0,0.5891484,6,26458,409,0.00059918914,-0.003441452980041504,14.75485110282898,0.006045265,0.0,0.006045265,163.0
160.75,0.59735787,6,27551,415,0.0007498679,0.12316501140594482,15.347404479980469,0.004374736,0.0,0.004374736,160.75
165.725,0.6053513,5,28551,420,0.0007971163,0.06304556131362915,15.938197612762451,0.005096883,0.0,0.005096883,165.725
176.325,0.5942586,6,29672,426,0.0008272496,0.0025322437286376953,16.46229910850525,0.0046115792,0.0,0.0046115792,176.325
178.55,0.5879606,5,30570,431,0.00053250795,0.15155047178268433,17.032113790512085,0.007297626,0.0,0.007297626,178.55
178.4,0.6053208,6,31698,437,0.0007555416,0.0940672755241394,17.60556650161743,0.0049712886,0.0,0.0049712886,178.4
179.275,0.6015703,6,32708,443,0.00060494285,0.18925929069519043,18.138723850250244,0.0044822656,0.0,0.0044822656,179.275
180.9,0.5932216,6,33694,449,0.00072400086,0.08019202947616577,18.65359878540039,0.0056533106,0.0,0.0056533106,180.9
181.925,0.5914514,5,34628,454,0.00083744817,0.09965342283248901,19.189159393310547,0.00738954,0.0,0.00738954,181.925
181.725,0.60785735,6,35820,460,0.0006961355,0.006484806537628174,19.69408106803894,0.0036239862,0.0,0.0036239862,181.725
178.3,0.58524936,6,36804,466,0.0007730336,0.044748663902282715,20.27256155014038,0.008675072,0.0,0.008675072,178.3
180.85,0.6080374,5,37804,471,0.0007615852,0.005573093891143799,20.864834547042847,0.0044695223,0.0,0.0044695223,180.85
181.125,0.60088205,5,38743,476,0.0007879636,0.0744776725769043,21.365294456481934,0.0053650076,0.0,0.0053650076,181.125
185.45,0.5963161,6,39926,482,0.00081660965,0.0792655348777771,21.92274498939514,0.00439997,0.0,0.00439997,185.45
190.05,0.598004,5,40926,487,0.00056797185,0.06117725372314453,22.420089960098267,0.0051019876,0.0,0.0051019876,190.05
190.225,0.58417654,5,41868,492,0.0008181748,-0.0002771615982055664,22.96639657020569,0.008149905,0.0,0.008149905,190.225
189.2,0.61192083,6,42996,498,0.00062278257,-0.0031490325927734375,23.522013664245605,0.0039104414,0.0,0.0039104414,189.2
189.75,0.58994097,5,43952,503,0.000772021,-0.005798697471618652,24.076857805252075,0.006865848,0.0,0.006865848,189.75
193.7,0.60485685,5,44952,508,0.0007143571,-0.0016382932662963867,24.61986494064331,0.0039032905,0.0,0.0039032905,193.7
192.075,0.5905713,6,46026,514,0.0007482351,-0.000946044921875,25.160566806793213,0.006593641,0.0,0.006593641,192.075
191.625,0.587857,5,47008,519,0.0005889283,-0.0009466409683227539,25.747196435928345,0.006527477,0.0,0.006527477,191.625
188.05,0.60947347,6,48048,525,0.0005747989,-0.0003662109375,26.26433277130127,0.0036491612,0.0,0.0036491612,188.05
185.5,0.58608127,6,49119,531,0.00071728026,-0.0006433725357055664,26.80146050453186,0.00644733,0.0,0.00644733,185.5
185.525,0.59300065,5,50066,536,0.0009680112,-0.0019637346267700195,27.365431308746338,0.007591475,0.0,0.007591475,185.525
187.225,0.58706105,5,51041,541,0.00089958776,-0.000500798225402832,27.932814359664917,0.006672772,0.0,0.006672772,187.225
183.425,0.59077746,6,52089,547,0.0008160763,-0.0010132789611816406,28.461095571517944,0.005564833,0.0,0.005564833,183.425
184.75,0.5826343,6,53216,553,0.0007586363,0.005483865737915039,29.055299758911133,0.005387345,0.0,0.005387345,184.75
185.2,0.5928151,5,54216,558,0.00093525206,0.0019259452819824219,29.55740451812744,0.004502009,0.0,0.004502009,185.2
182.725,0.586745,6,55198,564,0.0006713596,0.00023865699768066406,30.070793390274048,0.00633403,0.0,0.00633403,182.725
182.525,0.5881448,5,56137,569,0.00052802544,-1.1801719665527344e-05,30.671781301498413,0.0037341863,0.0,0.0037341863,182.525
183.125,0.5775613,6,57191,575,0.0008078109,-0.0017946958541870117,31.211286783218384,0.008019939,0.0,0.008019939,183.125
183.75,0.6060964,5,58191,580,0.0004668272,0.0005855560302734375,31.746145009994507,0.003205348,0.0,0.003205348,183.75
185.9,0.5822388,6,59325,586,0.00082179654,-0.0006415843963623047,32.32680082321167,0.0049432577,0.0,0.0049432577,185.9
187.725,0.60277677,5,60325,591,0.0007909865,-0.0006657838821411133,32.87731313705444,0.0038687459,0.0,0.0038687459,187.725
187.725,0.6018239,5,61325,596,0.0007537039,-0.0009590387344360352,33.40918827056885,0.0041723656,0.0,0.0041723656,187.725
192.175,0.59875846,5,62285,601,0.0007108205,0.0004315376281738281,33.97129511833191,0.0045951074,0.0,0.0045951074,192.175
191.9,0.59191114,6,63413,607,0.0006603008,-0.0008661746978759766,34.48078227043152,0.0053326827,0.0,0.0053326827,191.9
190.45,0.5851904,6,64511,613,0.0006268887,-4.4345855712890625e-05,34.995705127716064,0.003466805,0.0,0.003466805,190.45
191.275,0.58446014,5,65442,618,0.0008072214,-0.0003770589828491211,35.573811769485474,0.0049511595,0.0,0.0049511595,191.275
191.275,0.583794,5,66442,623,0.00067544775,-0.001334071159362793,36.145883560180664,0.003958219,0.0,0.003958219,191.275
192.925,0.5904046,5,67442,628,0.000568963,-0.00045740604400634766,36.710049629211426,0.0016770703,0.0,0.0016770703,192.925
189.425,0.58087665,6,68502,634,0.0008303627,-0.000492095947265625,37.27656149864197,0.0047591235,0.0,0.0047591235,189.425
190.375,0.58189857,5,69502,639,0.000559116,0.00011485815048217773,37.844828605651855,0.0031165418,0.0,0.0031165418,190.375
191.125,0.5797347,5,70458,644,0.0005741648,-0.0005443096160888672,38.372539043426514,0.004461584,0.0,0.004461584,191.125
193.675,0.58962965,6,71658,650,0.0010306982,-0.0003801584243774414,38.91248369216919,0.0031332162,0.0,0.0031332162,193.675
191.65,0.592682,5,72577,655,0.00076353643,-0.0005058050155639648,39.50338864326477,0.0038973792,0.0,0.0038973792,191.65
190.175,0.580464,6,73649,661,0.0008083489,-0.0007146596908569336,40.0453827381134,0.005100994,0.0,0.005100994,190.175
190.175,0.58548176,5,74649,666,0.00055270916,-0.00020420551300048828,40.55060291290283,0.0030281823,0.0,0.0030281823,190.175
191.2,0.58532155,6,75750,672,0.0005547997,-0.0008445978164672852,41.050339460372925,0.0039854953,0.0,0.0039854953,191.2
189.4,0.5903467,5,76678,677,0.00072962546,-0.0004152059555053711,41.605395793914795,0.003398513,0.0,0.003398513,189.4
187.75,0.5943658,6,77768,683,0.00080687273,-0.0007032155990600586,42.15973782539368,0.0033338726,0.0,0.0033338726,187.75
187.75,0.5882282,5,78768,688,0.0007279001,9.012222290039062e-05,42.739704847335815,0.003707774,0.0,0.003707774,187.75
183.0,0.60047984,6,79755,694,0.000555531,-0.0005794763565063477,43.30746936798096,0.003536417,0.0,0.003536417,183.0
185.625,0.5674477,6,80874,700,0.00080851594,-0.0002619028091430664,43.88274145126343,0.0060170637,0.0,0.0060170637,185.625
184.6,0.57145286,5,81833,705,0.0010091115,0.00018209218978881836,44.44292902946472,0.0049269004,0.0,0.0049269004,184.6
186.275,0.5896934,5,82833,710,0.00069545244,-0.0003631114959716797,44.94398212432861,0.0039117457,0.0,0.0039117457,186.275
185.275,0.5903029,6,83897,716,0.00078240957,-0.00030875205993652344,45.46466064453125,0.0050607473,0.0,0.0050607473,185.275
184.05,0.5872419,6,84930,722,0.0007566279,-0.0003597736358642578,45.982887506484985,0.0047125146,0.0,0.0047125146,184.05
179.475,0.5719259,6,85947,728,0.0006274353,-9.799003601074219e-05,46.55063319206238,0.0042839614,0.0,0.0042839614,179.475
182.7,0.57741874,5,86863,733,0.0008373461,-0.0002149343490600586,47.08039879798889,0.004821946,0.0,0.004821946,182.7
183.5,0.5754143,6,88014,739,0.0008481981,-0.00025582313537597656,47.57909107208252,0.0064662434,0.0,0.0064662434,183.5
183.925,0.5745076,5,88990,744,0.00079676433,-0.00026226043701171875,48.13888192176819,0.0066969395,0.0,0.0066969395,183.925
183.1,0.58124936,5,89957,749,0.0009840976,-0.00030481815338134766,48.661362409591675,0.0045607584,0.0,0.0045607584,183.1
184.725,0.57348263,6,91131,755,0.0007041496,-0.00016069412231445312,49.20731973648071,0.0044115186,0.0,0.0044115186,184.725
187.2,0.5923638,5,92131,760,0.00068947405,-0.00021958351135253906,49.76551127433777,0.0030754653,0.0,0.0030754653,187.2
193.45,0.57390857,5,93115,765,0.000567212,-0.00021255016326904297,50.279574155807495,0.0040171584,0.0,0.0040171584,193.45
196.3,0.58661544,5,94115,770,0.0006991995,-0.0002046823501586914,50.836007833480835,0.006115268,0.0,0.006115268,196.3
193.35,0.57569075,6,95148,776,0.000857162,-0.0001684427261352539,51.333921670913696,0.0052101077,0.0,0.0052101077,193.35
191.925,0.5635897,5,96091,781,0.00073643087,-0.0002079010009765625,51.91422939300537,0.0047108144,0.0,0.0047108144,191.925
190.65,0.56262195,6,97216,787,0.0008793392,-0.00023233890533447266,52.490726470947266,0.0060850433,0.0,0.0060850433,190.65
192.125,0.59278595,5,98216,792,0.00078288745,-0.00020420551300048828,53.044429063797,0.0046060355,0.0,0.0046060355,192.125
191.1,0.57652605,5,99175,797,0.0007255627,-0.0001747608184814453,53.59911012649536,0.005038638,0.0,0.005038638,191.1
191.5,0.565382,5,100175,802,0.0008757487,-0.0002206563949584961,54.15005421638489,0.004439761,0.0,0.004439761,191.5
